LG	window	start	end	count	countHigh	countLow	Max	Min	PropHigh	PropLow	quantile_bin	index
192	87	8700366	8799858	101	62	0	2.72509	0.676718	0.613861386138614	0	1	88
192	113	11301052	11399260	68	28	0	3.51897	-0.54272	0.411764705882353	0	1	113
192	239	23901752	23999985	139	58	1	3.0782	-2.01577	0.41726618705036	0.00719424460431655	2	239
192	322	32204216	32299602	391	200	0	3.2746	0.463976	0.51150895140665	0	9	322
192	661	66100026	66199691	258	253	0	4.11259	1.63715	0.98062015503876	0	6	661
192	662	66200020	66299664	274	273	0	3.85409	1.7407	0.996350364963504	0	7	662
192	663	66300815	66399141	526	522	0	3.5041	1.8242	0.992395437262357	0	10	663
192	665	66500165	66599823	240	173	0	4.02918	0.835389	0.720833333333333	0	5	665
192	667	66700641	66799193	390	278	0	4.79479	1.42762	0.712820512820513	0	9	667
192	668	66800290	66899782	449	303	0	4.0537	0.11555	0.674832962138085	0	10	668
192	669	66900066	66997733	370	370	0	4.11105	2.09722	1	0	9	669
192	672	67200435	67299943	299	260	0	4.60491	-0.661781	0.869565217391304	0	7	672
192	673	67300222	67399135	176	150	0	3.43895	1.52193	0.852272727272727	0	3	673
192	675	67500005	67596595	139	123	0	3.92976	0.27965	0.884892086330935	0	2	675
192	677	67700623	67799956	698	375	0	3.24577	-1.91262	0.537249283667622	0	10	677
192	684	68400836	68499911	184	71	0	3.42292	0.849989	0.385869565217391	0	4	684
192	688	68800124	68899467	383	358	0	3.15332	1.67238	0.934725848563969	0	9	688
192	747	74703155	74790045	141	64	0	3.65461	0.068643	0.453900709219858	0	2	745
192	996	99600013	99639024	56	24	0	3.03899	0.778343	0.428571428571429	0	1	988
193	202	20205326	20294653	65	22	0	3.37557	-0.192008	0.338461538461538	0	1	1191
193	235	23500078	23589243	429	293	0	4.2789	-0.200248	0.682983682983683	0	9	1224
193	236	23601860	23699336	284	116	7	4.14122	-2.36416	0.408450704225352	0.0246478873239437	6	1225
193	278	27800264	27899848	583	297	0	3.66619	0.138066	0.509433962264151	0	10	1267
194	69	6900657	6998526	329	139	0	3.1927	-0.724709	0.422492401215805	0	7	1470
194	165	16500712	16598354	543	346	0	4.45433	-0.56228	0.63720073664825	0	10	1566
194	166	16603473	16697713	248	134	0	4.44951	-1.34496	0.540322580645161	0	5	1567
194	218	21800017	21899242	94	34	0	3.00091	-0.864826	0.361702127659574	0	1	1619
195	173	17300226	17399862	173	64	0	3.41414	-1.29917	0.369942196531792	0	3	2037
196	53	5300000	5399699	191	80	0	3.75334	-0.679525	0.418848167539267	0	4	2160
196	409	40900340	40998946	311	154	0	4.57317	-0.236152	0.495176848874598	0	7	2515
197	122	12200685	12299909	372	197	0	4.8061	-1.04451	0.529569892473118	0	9	2694
197	125	12501439	12592211	84	32	0	4.22554	-1.47038	0.380952380952381	0	1	2697
197	390	39000018	39099997	321	208	0	3.72702	-0.12064	0.64797507788162	0	8	2961
198	10	1000423	1099681	157	62	0	3.86941	-1.54893	0.394904458598726	0	3	3116
198	131	13102044	13199774	272	96	0	2.63908	0.822429	0.352941176470588	0	8	3235
198	132	13202032	13298798	169	122	0	3.91441	1.30888	0.72189349112426	0	4	3236
198	133	13302681	13398803	168	88	0	2.80361	0.931013	0.523809523809524	0	4	3237
198	134	13400089	13498963	217	114	0	2.74823	0.480346	0.525345622119816	0	6	3238
198	186	18600596	18699128	157	58	0	3.36315	-0.498821	0.369426751592357	0	3	3290
198	410	41000232	41099728	280	177	0	2.92793	0.970878	0.632142857142857	0	8	3514
198	412	41200253	41298941	165	84	0	4.51141	-0.0167692	0.509090909090909	0	3	3516
198	413	41302793	41398256	163	147	0	3.86627	0.846618	0.901840490797546	0	3	3517
198	463	46306610	46398197	330	164	0	3.94307	-0.642723	0.496969696969697	0	9	3567
198	464	46402216	46499543	516	333	0	3.58351	-0.0684125	0.645348837209302	0	10	3568
198	467	46701166	46799352	155	62	0	4.1846	0.0922478	0.4	0	3	3571
198	538	53800365	53899773	142	66	0	3.50963	-0.557627	0.464788732394366	0	2	3642
198	541	54102374	54199934	183	82	0	3.63302	0.45378	0.448087431693989	0	4	3645
198	543	54300466	54390594	198	101	0	3.82246	0.218879	0.51010101010101	0	5	3647
198	544	54403955	54499862	108	40	0	3.0971	0.497442	0.37037037037037	0	2	3648
198	589	58900178	58998368	115	50	0	3.27215	-0.103896	0.434782608695652	0	2	3693
199	54	5400028	5498615	384	133	0	3.34497	-1.0883	0.346354166666667	0	8	3910
199	56	5600022	5698337	271	168	0	3.90312	0.261393	0.619926199261993	0	6	3912
199	588	58800089	58899888	540	286	0	3.5255	0.226535	0.52962962962963	0	10	4439
199	663	66300026	66399853	654	319	0	3.4229	-0.292467	0.487767584097859	0	10	4514
200	227	22701583	22798802	208	83	0	3.49709	0.620537	0.399038461538462	0	4	4747
200	251	25101599	25199971	431	314	0	5.29769	0.6563	0.728538283062645	0	9	4771
200	296	29601628	29699966	125	48	0	3.42634	0.1308	0.384	0	1	4816
201	157	15700322	15799317	155	55	0	3.56799	-0.485906	0.354838709677419	0	2	5242
201	223	22300119	22399840	268	172	0	3.50377	0.711779	0.641791044776119	0	5	5308
201	319	31900938	31998589	226	84	0	3.25407	-0.332232	0.371681415929204	0	3	5404
201	320	32000873	32098827	188	97	0	3.46597	0.239654	0.515957446808511	0	2	5405
201	348	34801303	34899326	363	192	0	2.79212	0.787071	0.528925619834711	0	7	5433
201	352	35200136	35297110	236	116	0	3.55825	0.267294	0.491525423728814	0	4	5437
201	392	39200515	39299960	258	140	0	3.58148	-0.697461	0.542635658914729	0	5	5477
201	463	46300660	46399683	421	172	0	3.56433	-1.09376	0.40855106888361	0	8	5548
202	123	12300015	12399648	283	164	0	3.83546	0.106652	0.579505300353357	0	6	5857
202	124	12400383	12499474	428	260	0	3.78879	0.63603	0.607476635514019	0	9	5858
202	144	14400543	14499749	274	201	0	3.54924	0.686306	0.733576642335766	0	5	5878
202	214	21400092	21499977	354	164	0	3.56577	0.0264385	0.463276836158192	0	8	5948
202	312	31201277	31291454	116	48	0	2.82563	-0.137923	0.413793103448276	0	1	6046
202	323	32300009	32398049	155	78	0	2.995	-0.77833	0.503225806451613	0	1	6057
202	434	43412904	43499987	152	47	0	3.34665	-0.652709	0.30921052631579	0	1	6168
203	81	8100359	8199630	379	172	0	5.0344	-0.85272	0.453825857519789	0	8	6351
203	102	10200268	10299409	285	159	0	4.20379	0.47907	0.557894736842105	0	6	6372
203	199	19901803	19999671	295	157	0	4.63652	0.330458	0.532203389830509	0	6	6469
203	309	30900742	30999453	266	177	0	3.6411	0.35122	0.665413533834586	0	5	6579
203	311	31100335	31199266	231	86	0	2.99162	0.652579	0.372294372294372	0	4	6581
203	312	31200144	31299930	284	122	0	3.96188	-0.457335	0.429577464788732	0	6	6582
203	314	31400082	31499718	342	184	0	3.62929	0.39745	0.538011695906433	0	8	6584
203	316	31601465	31699374	197	124	0	3.83156	-0.538206	0.629441624365482	0	3	6586
204	194	19400247	19497168	212	96	0	3.17559	0.385918	0.452830188679245	0	4	7092
204	318	31800248	31894328	283	115	0	3.82038	0.280677	0.406360424028269	0	6	7216
204	319	31900741	31999961	299	249	0	4.17192	0.0694548	0.832775919732441	0	7	7217
204	320	32000709	32099559	224	134	0	3.72316	0.282115	0.598214285714286	0	5	7218
204	559	55900052	55999474	211	115	0	3.43807	0.548686	0.545023696682464	0	4	7457
205	17	1700079	1799929	261	145	0	3.48817	0.491636	0.555555555555556	0	4	7496
205	136	13600143	13699581	340	157	2	3.89759	-2.05281	0.461764705882353	0.00588235294117647	7	7613
205	222	22200149	22299992	292	133	0	3.46492	-0.0558478	0.455479452054795	0	6	7699
205	223	22300017	22396765	272	184	0	3.3134	0.563332	0.676470588235294	0	5	7700
205	335	33500609	33598935	389	164	0	3.0481	0.104244	0.42159383033419	0	8	7812
205	338	33800352	33899039	244	104	0	3.00639	-0.0254884	0.426229508196721	0	4	7815
206	37	3700575	3799413	221	102	0	3.28247	-1.01862	0.461538461538462	0	5	7987
206	546	54604317	54697400	317	145	0	3.25923	0.468909	0.457413249211356	0	7	8490
207	413	41300168	41398993	296	130	0	3.68207	-0.208207	0.439189189189189	0	7	9018
207	415	41501746	41599763	264	123	0	3.09967	-0.468225	0.465909090909091	0	6	9020
207	471	47101440	47199897	198	85	0	3.28836	-0.357491	0.429292929292929	0	4	9076
207	485	48500063	48599983	430	278	0	4.83186	-0.62576	0.646511627906977	0	9	9090
208	98	9800221	9899493	412	268	0	4.27764	0.369198	0.650485436893204	0	10	9306
208	217	21725243	21799751	34	18	0	2.7632	0.417125	0.529411764705882	0	1	9425
208	229	22900470	22999307	254	108	0	3.24415	0.419824	0.425196850393701	0	7	9437
208	249	24901785	24998692	131	56	0	3.774	-1.88226	0.427480916030534	0	2	9457
208	309	30902819	30988417	129	55	0	2.47392	0.244651	0.426356589147287	0	2	9517
208	325	32500537	32599856	321	137	0	3.29011	-0.407195	0.426791277258567	0	8	9533
208	331	33100239	33199826	169	93	0	3.83409	-0.60434	0.550295857988166	0	4	9539
208	332	33200096	33295226	201	141	0	3.00404	1.05175	0.701492537313433	0	5	9540
208	333	33305963	33395168	130	67	0	2.8657	-0.294358	0.515384615384615	0	2	9541
208	384	38400112	38499588	488	236	0	4.79004	-0.00752025	0.483606557377049	0	10	9592
208	512	51200031	51299658	249	156	0	3.81652	-0.249843	0.626506024096386	0	7	9720
208	589	58903594	58982557	139	63	0	3.02843	-0.668362	0.453237410071942	0	3	9797
208	630	63000742	63089921	132	60	0	3.90208	0.133085	0.454545454545455	0	2	9838
208	654	65400205	65498083	354	170	0	3.40782	-0.0829269	0.480225988700565	0	9	9862
209	61	6100013	6199962	367	158	0	4.96243	-0.67466	0.430517711171662	0	8	10010
209	151	15100086	15199905	512	243	0	3.86975	-1.57752	0.474609375	0	10	10100
209	302	30201168	30299885	408	317	0	4.33026	0.834601	0.776960784313726	0	9	10251
209	304	30400238	30498309	202	75	0	3.12202	0.283572	0.371287128712871	0	4	10253
209	307	30702323	30775796	135	74	0	3.51471	0.341114	0.548148148148148	0	2	10256
209	309	30983946	30998442	72	56	0	4.36023	0.177721	0.777777777777778	0	1	10258
209	545	54500081	54562107	241	162	0	4.0282	0.518559	0.672199170124481	0	5	10494
210	9	900088	999985	100	38	0	3.01958	-0.107811	0.38	0	1	10539
210	150	15000430	15099349	435	361	0	4.25961	0.48094	0.829885057471264	0	9	10680
210	151	15101055	15197612	340	176	0	3.82189	0.197542	0.517647058823529	0	7	10681
210	152	15200244	15299983	339	174	0	3.37031	0.262097	0.513274336283186	0	7	10682
210	246	24600092	24699326	388	297	0	4.2969	0.95879	0.765463917525773	0	8	10776
210	444	44400165	44499569	158	83	0	3.50733	0.595507	0.525316455696203	0	2	10974
210	445	44501376	44599112	182	68	0	2.89635	0.97289	0.373626373626374	0	3	10975
210	573	57333307	57389161	70	33	0	3.89518	-0.743804	0.471428571428571	0	1	11103
211	142	14200081	14299902	433	216	0	4.09887	-1.1095	0.498845265588915	0	10	11257
211	348	34805038	34899931	305	199	0	3.75452	0.384116	0.652459016393443	0	8	11463
211	573	57300243	57398702	156	108	0	3.46193	-0.0392729	0.692307692307692	0	3	11688
212	187	18700997	18799154	260	150	0	3.14329	1.04955	0.576923076923077	0	5	11954
212	305	30500549	30599782	190	69	0	2.88722	0.798851	0.363157894736842	0	3	12070
212	306	30600164	30699566	180	109	0	3.47919	0.950676	0.605555555555556	0	3	12071
212	307	30700069	30799691	179	85	0	3.34737	0.0552224	0.474860335195531	0	3	12072
212	312	31200648	31299867	197	108	0	3.55605	0.652036	0.548223350253807	0	3	12077
212	474	47400501	47497969	166	130	0	3.5014	-0.517946	0.783132530120482	0	2	12238
214	480	48000220	48099842	267	160	0	4.12197	-0.247525	0.599250936329588	0	5	12863
214	516	51600029	51696917	241	189	0	4.77121	1.0916	0.784232365145228	0	4	12899
214	517	51700355	51795424	111	65	0	3.24654	-0.125255	0.585585585585586	0	1	12900
214	591	59101487	59199909	114	35	0	2.97233	-1.0127	0.307017543859649	0	1	12973
214	607	60701347	60799665	411	228	0	5.27304	-0.845069	0.554744525547445	0	9	12989
214	608	60800559	60862256	163	161	0	5.50048	1.8426	0.987730061349693	0	2	12990
215	156	15636718	15687885	276	141	0	3.44352	0.312125	0.510869565217391	0	6	13146
215	511	51100185	51198434	494	273	0	4.24021	-0.238434	0.552631578947368	0	10	13501
216	317	31700939	31799242	322	116	0	2.93729	-1.917	0.360248447204969	0	8	13924
217	396	39600003	39699942	433	297	0	4.56321	0.795258	0.685912240184757	0	8	14377
217	397	39700097	39799976	253	134	0	3.87224	-0.109601	0.529644268774704	0	5	14378
218	153	15300823	15399828	396	151	0	4.02852	-1.58896	0.381313131313131	0	8	14653
218	155	15510193	15597548	568	275	0	4.07096	-0.227474	0.484154929577465	0	10	14655
218	404	40400167	40499839	575	326	0	4.43006	-0.288712	0.56695652173913	0	10	14904
219	60	6045047	6099848	126	107	0	3.57486	1.11443	0.849206349206349	0	3	15082
219	64	6400104	6499873	289	100	0	3.19068	-0.0206733	0.346020761245675	0	8	15086
220	37	3700237	3799417	335	151	0	5.00791	-1.06553	0.450746268656716	0	7	15410
220	468	46804895	46899585	289	219	0	4.41175	0.0584062	0.757785467128028	0	6	15840
220	488	48800370	48899891	275	144	0	4.43321	-0.308174	0.523636363636364	0	6	15860
220	503	50302264	50399985	299	134	0	3.0625	-0.836699	0.448160535117057	0	6	15875
220	515	51501244	51599008	236	163	0	4.33774	0.472041	0.690677966101695	0	5	15887
220	516	51601239	51697554	312	180	0	3.99323	-0.141403	0.576923076923077	0	7	15888
220	539	53904552	53998933	274	233	0	4.76282	0.780946	0.85036496350365	0	6	15911
220	653	65300415	65399841	484	253	0	4.38769	0.306782	0.522727272727273	0	10	16024
221	12	1200291	1299907	348	180	0	4.03352	0.499909	0.517241379310345	0	9	16044
221	94	9400009	9499899	467	462	0	3.91881	1.84443	0.989293361884368	0	10	16125
221	95	9500189	9599699	356	246	0	3.53544	0.962065	0.691011235955056	0	9	16126
221	96	9600209	9699195	285	279	0	3.93634	1.81876	0.978947368421053	0	7	16127
221	97	9700678	9799965	588	511	0	3.63983	1.49955	0.869047619047619	0	10	16128
221	98	9800049	9899467	290	225	0	2.92797	1.6283	0.775862068965517	0	7	16129
221	99	9902023	9995116	283	124	0	2.41381	1.41336	0.438162544169611	0	7	16130
221	223	22300280	22399518	315	167	0	4.87738	0.652561	0.53015873015873	0	8	16254
221	328	32800070	32899556	248	199	0	3.22525	0.755335	0.80241935483871	0	6	16359
222	88	8800262	8899863	139	68	0	3.23842	0.270722	0.489208633093525	0	2	16658
222	328	32801072	32899633	217	144	0	3.48108	1.01562	0.663594470046083	0	4	16898
223	43	4317752	4399512	175	75	0	3.8961	-1.49256	0.428571428571429	0	8	17081
223	57	5700141	5799935	248	123	0	3.34769	-0.558559	0.495967741935484	0	9	17095
224	147	14700409	14799680	442	223	0	3.48666	0.494265	0.504524886877828	0	9	17248
224	168	16800103	16899893	89	37	0	3.07212	0.446218	0.415730337078652	0	1	17269
225	134	13400060	13499626	230	116	0	3.97866	-0.360429	0.504347826086956	0	4	17664
225	204	20404197	20499440	208	111	0	3.32113	0.96845	0.533653846153846	0	3	17734
225	410	41000158	41099919	306	209	0	3.98659	0.581605	0.683006535947712	0	6	17939
225	412	41200480	41299770	297	165	0	3.20664	-0.429025	0.555555555555556	0	5	17941
225	414	41400358	41498984	457	287	0	4.36904	0.00705222	0.62800875273523	0	9	17943
225	424	42400503	42499238	324	261	0	4.31145	-1.61348	0.805555555555556	0	6	17953
225	425	42505242	42599914	293	161	0	5.30358	0.348681	0.549488054607508	0	5	17954
227	50	5003777	5099909	274	147	0	3.44299	-0.0842616	0.536496350364963	0	5	18449
227	309	30900030	30965789	196	87	0	3.23063	-0.015848	0.443877551020408	0	2	18708
228	266	26605010	26699382	223	174	0	4.14854	0.127183	0.780269058295964	0	4	19089
228	267	26701253	26778850	164	87	0	3.01003	-0.388308	0.530487804878049	0	2	19090
228	268	26825931	26899507	130	51	0	3.41664	0.407616	0.392307692307692	0	1	19091
228	270	27000644	27099888	218	80	0	3.18452	0.342936	0.36697247706422	0	3	19093
228	338	33800853	33899839	687	400	0	6.31797	-1.59661	0.582241630276565	0	10	19161
231	84	8400117	8499914	205	89	0	3.71923	-1.26733	0.434146341463415	0	4	19526
231	245	24501438	24599810	343	161	0	3.53085	-0.182617	0.469387755102041	0	7	19687
231	276	27603162	27699813	131	50	0	3.19566	0.394961	0.381679389312977	0	2	19718
231	329	32900522	32998396	160	61	0	3.0174	-0.137669	0.38125	0	3	19771
192	13	1302544	1399654	230	0	112	-0.108988	-3.61162	0	0.48695652173913	5	14
192	14	1400862	1499314	158	0	127	-1.25512	-3.42845	0	0.80379746835443	3	15
192	277	27701264	27799707	148	0	77	-0.0565469	-3.31	0	0.52027027027027	3	277
192	308	30803350	30893519	192	0	109	-0.141036	-3.75473	0	0.567708333333333	4	308
192	309	30901247	30997826	206	0	126	0.769838	-3.55701	0	0.611650485436893	4	309
192	570	57003163	57096569	103	0	46	-0.451035	-3.54466	0	0.446601941747573	2	570
192	712	71200189	71298908	274	0	201	-0.642375	-3.72013	0	0.733576642335766	7	710
192	828	82800394	82899883	231	0	89	-0.297259	-3.03109	0	0.385281385281385	5	826
192	831	83100849	83198004	143	0	134	-1.87048	-3.71217	0	0.937062937062937	2	829
192	832	83201044	83298937	161	0	139	-1.36857	-3.15103	0	0.863354037267081	3	830
193	130	13002213	13099821	291	0	147	-0.319042	-2.97572	0	0.505154639175258	6	1119
193	132	13228289	13299056	197	0	120	-1.29398	-3.39862	0	0.609137055837564	3	1121
193	133	13300226	13399123	263	0	159	-1.10028	-3.25174	0	0.604562737642586	5	1122
193	134	13400360	13499739	146	0	145	-1.99862	-4.88889	0	0.993150684931507	1	1123
193	180	18000989	18099756	419	0	214	0.904397	-3.7912	0	0.510739856801909	9	1169
193	385	38500710	38599554	253	0	115	0.801779	-3.15269	0	0.454545454545455	5	1374
193	388	38801382	38899941	238	0	110	0.255629	-3.58335	0	0.46218487394958	4	1377
193	389	38900202	38999830	289	0	289	-2.02201	-4.98733	0	1	6	1378
194	142	14200705	14298868	400	0	251	-1.19284	-3.36366	0	0.6275	8	1543
194	143	14300256	14398047	275	0	214	-1.02632	-3.79603	0	0.778181818181818	6	1544
194	144	14401602	14499588	320	0	127	-0.212171	-3.54906	0	0.396875	7	1545
194	145	14500339	14599612	521	0	416	-0.768208	-4.08828	0	0.798464491362764	10	1546
194	150	15001191	15099894	298	0	236	-0.800182	-4.29991	0	0.791946308724832	6	1551
194	282	28200016	28299722	268	0	112	1.60902	-3.74589	0	0.417910447761194	5	1683
194	291	29100134	29199835	375	0	205	0.439137	-3.28977	0	0.546666666666667	8	1692
195	14	1483755	1499116	24	0	11	0.617304	-2.63246	0	0.458333333333333	1	1878
195	236	23600049	23698934	240	0	159	-0.706755	-4.23311	0	0.6625	6	2097
195	237	23700390	23799123	226	3	134	2.19088	-4.41954	0.0132743362831858	0.592920353982301	6	2098
196	311	31100790	31199651	266	0	140	0.989715	-3.97153	0	0.526315789473684	6	2418
196	320	32000273	32095436	319	0	124	1.76038	-4.10617	0	0.38871473354232	7	2426
197	392	39200479	39298770	239	0	106	1.04892	-3.53547	0	0.443514644351464	5	2963
197	487	48700031	48799896	274	0	137	0.212016	-4.40962	0	0.5	7	3058
198	28	2802925	2899714	122	0	78	0.75272	-3.72577	0	0.639344262295082	2	3134
198	167	16702796	16796475	126	0	85	-1.19232	-2.76611	0	0.674603174603175	2	3271
198	168	16800139	16899726	139	0	126	-1.61163	-3.62097	0	0.906474820143885	2	3272
198	298	29821941	29898994	150	0	76	-0.669138	-3.98405	0	0.506666666666667	3	3402
198	622	62200653	62298949	195	0	109	-0.795844	-3.6336	0	0.558974358974359	5	3726
198	742	74200258	74299882	253	0	139	0.405526	-5.60004	0	0.549407114624506	7	3841
199	304	30400234	30499048	326	0	124	1.25575	-3.08959	0	0.380368098159509	7	4157
199	305	30500144	30599582	153	0	102	-0.609851	-4.31771	0	0.666666666666667	3	4158
199	567	56701924	56799860	324	0	141	1.1672	-3.60944	0	0.435185185185185	7	4418
199	652	65249945	65299594	127	1	61	2.01079	-3.14134	0.0078740157480315	0.480314960629921	2	4503
200	50	5001363	5099597	116	0	66	-0.6087	-5.06209	0	0.568965517241379	1	4570
200	51	5100276	5199265	155	0	142	-1.35202	-5.04926	0	0.916129032258065	2	4571
200	52	5201831	5299852	147	0	89	-0.864274	-3.42444	0	0.605442176870748	2	4572
200	55	5500647	5599976	184	0	101	0.78327	-6.00475	0	0.548913043478261	3	4575
200	56	5600033	5699148	151	0	145	-1.47775	-4.33664	0	0.960264900662252	2	4576
200	58	5800329	5899868	244	0	142	0.234709	-4.00672	0	0.581967213114754	6	4578
200	76	7600308	7699616	158	0	93	0.113329	-4.30879	0	0.588607594936709	2	4596
200	129	12900649	12999491	454	0	208	0.139154	-4.79494	0	0.458149779735683	10	4649
200	206	20600103	20693392	439	0	337	-0.93017	-4.89211	0	0.767653758542141	10	4726
201	242	24200204	24297221	323	0	227	0.0999252	-3.76883	0	0.702786377708978	6	5327
201	361	36100760	36199182	146	0	100	-0.0942402	-4.24158	0	0.684931506849315	1	5446
201	458	45805892	45888604	116	0	67	-1.41697	-2.665	0	0.577586206896552	1	5543
201	459	45905656	45999461	20	0	16	-1.41245	-2.75507	0	0.8	1	5544
201	621	62104105	62195944	183	0	101	0.262704	-3.11124	0	0.551912568306011	2	5706
202	102	10200172	10299418	316	0	125	-0.179	-3.77045	0	0.395569620253165	7	5836
202	105	10500454	10599875	235	0	142	-0.573274	-3.99527	0	0.604255319148936	4	5839
202	106	10600180	10697229	195	0	129	-0.123853	-3.96659	0	0.661538461538462	3	5840
202	107	10702915	10798892	429	0	200	-0.149868	-3.57266	0	0.466200466200466	9	5841
202	397	39700089	39799902	569	0	266	0.786133	-3.60882	0	0.467486818980668	10	6131
202	462	46200221	46299719	440	0	198	1.01955	-2.97299	0	0.45	9	6196
202	505	50500705	50599949	504	0	355	-0.430897	-3.94742	0	0.704365079365079	10	6238
202	509	50901339	50999612	297	0	166	1.65746	-4.23156	0	0.558922558922559	6	6242
203	49	4903034	4999954	325	0	118	-0.210759	-2.81191	0	0.363076923076923	7	6319
203	105	10500330	10596196	414	0	167	0.424065	-3.70392	0	0.403381642512077	9	6375
203	157	15700192	15790623	223	0	120	0.402124	-3.82671	0	0.538116591928251	4	6427
203	532	53200224	53299495	229	0	99	0.449694	-2.87225	0	0.432314410480349	4	6802
204	413	41300360	41399957	458	0	196	0.779538	-3.00456	0	0.427947598253275	10	7311
204	426	42600120	42699633	328	0	201	-0.100863	-3.89863	0	0.61280487804878	8	7324
204	489	48900192	48999385	598	0	321	0.447213	-3.63304	0	0.536789297658863	10	7387
205	6	600484	699496	622	0	303	0.922907	-4.07843	0	0.487138263665595	10	7485
205	61	6101526	6196116	188	0	99	0.917684	-3.78516	0	0.526595744680851	2	7538
205	255	25507043	25599737	336	0	134	0.529077	-3.68982	0	0.398809523809524	7	7732
205	467	46700280	46799411	262	0	211	-1.57219	-3.96349	0	0.805343511450382	4	7944
205	468	46800272	46899950	411	0	409	-1.73827	-4.68992	0	0.995133819951338	8	7945
205	469	46900372	46999167	245	0	191	0.00679846	-3.55889	0	0.779591836734694	4	7946
206	52	5200141	5298600	174	0	118	-0.339244	-4.07792	0	0.67816091954023	3	8002
206	53	5300406	5399847	213	0	178	-0.870861	-4.80677	0	0.835680751173709	4	8003
206	54	5400334	5499574	185	0	185	-2.90316	-4.92059	0	1	3	8004
206	55	5500126	5596107	182	0	134	-1.1522	-4.25758	0	0.736263736263736	3	8005
206	374	37400669	37499407	349	0	230	-0.390908	-3.62544	0	0.659025787965616	8	8318
207	54	5410545	5425435	18	0	9	-1.15715	-2.27047	0	0.5	1	8660
207	268	26804818	26899878	185	0	107	0.593789	-3.29641	0	0.578378378378378	3	8873
207	269	26902328	26999592	164	0	75	-0.211679	-2.94671	0	0.457317073170732	2	8874
207	363	36300010	36399974	222	0	76	-0.0840315	-3.06341	0	0.342342342342342	5	8968
207	367	36700517	36799566	348	0	204	-0.411955	-4.21657	0	0.586206896551724	8	8972
207	495	49500064	49597560	300	0	120	0.0708214	-3.11832	0	0.4	7	9100
208	35	3500070	3599975	257	0	91	0.461245	-3.45375	0	0.35408560311284	7	9244
208	345	34500457	34599408	128	0	64	-0.381754	-3.32743	0	0.5	2	9553
208	351	35100968	35199428	195	0	162	-1.12516	-3.8223	0	0.830769230769231	5	9559
208	352	35201891	35299856	315	0	304	-1.18403	-5.60454	0	0.965079365079365	8	9560
208	353	35300633	35399755	296	0	219	-1.20735	-3.66569	0	0.739864864864865	8	9561
208	354	35402030	35499547	369	0	319	-1.28744	-4.84684	0	0.86449864498645	9	9562
208	355	35500015	35599933	501	0	372	-0.204949	-4.71881	0	0.74251497005988	10	9563
208	356	35600146	35699153	325	0	189	0.619011	-4.63552	0	0.581538461538462	9	9564
208	360	36000178	36098248	310	0	236	1.16658	-4.60321	0	0.761290322580645	8	9568
208	363	36301849	36399751	349	0	302	-1.3474	-3.87986	0	0.865329512893983	9	9571
208	364	36400277	36499728	329	0	228	-0.630107	-3.62009	0	0.693009118541033	9	9572
208	375	37500151	37597881	250	0	106	0.345067	-3.29655	0	0.424	7	9583
209	130	13000207	13099425	370	0	255	-0.324508	-3.61426	0	0.689189189189189	8	10079
209	131	13100835	13199549	494	0	245	-0.168608	-3.71717	0	0.495951417004049	9	10080
209	132	13201317	13299824	714	0	528	-0.623023	-4.39966	0	0.739495798319328	10	10081
209	133	13300318	13399170	551	0	231	0.442015	-3.81519	0	0.41923774954628	10	10082
209	321	32100090	32199406	132	0	109	-0.708752	-3.83531	0	0.825757575757576	2	10270
209	323	32300448	32372374	175	0	99	-0.0925827	-4.10459	0	0.565714285714286	3	10272
209	324	32403352	32499497	194	0	132	-0.00818033	-3.38086	0	0.680412371134021	3	10273
209	519	51900300	51998326	207	0	152	-0.0860532	-3.66908	0	0.734299516908213	4	10468
209	520	52000231	52099749	170	0	155	-0.961874	-3.39661	0	0.911764705882353	3	10469
210	7	701826	799638	103	0	62	-0.782625	-4.09068	0	0.601941747572815	1	10537
210	178	17800141	17899986	435	0	163	1.3288	-3.25337	0	0.374712643678161	9	10708
210	208	20801448	20899181	308	0	116	1.38123	-4.58207	0	0.376623376623377	7	10738
210	223	22300433	22399769	387	0	262	-0.327596	-3.59596	0	0.677002583979328	8	10753
210	320	32000270	32099828	570	0	286	0.139794	-4.1772	0	0.501754385964912	10	10850
210	331	33101222	33199910	242	0	109	0.60667	-3.40585	0	0.450413223140496	5	10861
210	332	33200123	33299740	331	0	163	0.602377	-3.19497	0	0.492447129909366	7	10862
210	575	57513991	57598465	263	3	109	2.03455	-3.49855	0.0114068441064639	0.414448669201521	5	11105
211	130	13000044	13099951	242	0	173	0.220757	-4.93921	0	0.714876033057851	6	11245
211	192	19200886	19299841	380	0	263	-0.077466	-3.75885	0	0.692105263157895	9	11307
211	343	34300081	34399800	202	0	107	-0.791576	-3.10729	0	0.52970297029703	5	11458
212	262	26200173	26299085	346	0	170	1.99705	-3.00821	0	0.491329479768786	8	12029
212	374	37400109	37499317	112	0	54	-0.389887	-3.7909	0	0.482142857142857	1	12139
213	35	3521446	3595546	90	0	47	0.0387209	-3.35888	0	0.522222222222222	9	12378
214	581	58100432	58198970	124	0	67	-0.538837	-2.91386	0	0.540322580645161	1	12964
214	582	58200443	58299673	305	15	176	4.17373	-3.40169	0.0491803278688525	0.577049180327869	6	12965
215	184	18400552	18499318	406	0	195	0.337648	-3.93537	0	0.480295566502463	9	13174
215	198	19808428	19899740	176	0	132	-0.901804	-3.63791	0	0.75	3	13188
215	199	19900057	19995886	218	0	204	-1.62071	-4.63257	0	0.935779816513762	4	13189
215	200	20000636	20098351	227	0	133	-0.521277	-4.18477	0	0.58590308370044	5	13190
215	526	52600190	52699810	390	0	222	-0.796591	-4.94346	0	0.569230769230769	9	13515
215	527	52700292	52799973	202	0	115	-1.0699	-3.98963	0	0.569306930693069	4	13516
215	528	52800718	52899699	261	0	233	-0.151145	-5.01595	0	0.89272030651341	6	13517
216	52	5200587	5298765	401	68	201	3.31594	-3.80532	0.169576059850374	0.501246882793017	9	13660
216	80	8000279	8098918	210	0	91	-0.301638	-3.11113	0	0.433333333333333	4	13688
216	99	9901171	9999925	213	0	91	0.428632	-3.29563	0	0.427230046948357	4	13707
216	100	10000191	10099467	346	0	209	-1.07383	-4.00963	0	0.604046242774566	8	13708
216	250	25000387	25099138	116	0	63	-0.791594	-3.5776	0	0.543103448275862	1	13857
216	251	25100626	25196961	253	0	144	-0.417101	-3.92928	0	0.569169960474308	6	13858
216	285	28500058	28599893	328	0	211	0.117469	-4.50602	0	0.643292682926829	8	13892
216	286	28600270	28698748	267	0	99	-0.154514	-3.11171	0	0.370786516853933	7	13893
217	182	18200516	18299977	485	0	233	0.964571	-4.27869	0	0.480412371134021	9	14163
217	183	18300035	18397393	699	0	379	-0.198369	-4.43941	0	0.542203147353362	10	14164
217	202	20213659	20298728	324	0	269	-0.682784	-4.70456	0	0.830246913580247	6	14183
217	272	27200007	27298963	277	0	207	-0.808743	-3.78373	0	0.747292418772563	5	14253
218	245	24500932	24599963	181	0	113	0.160055	-3.49099	0	0.624309392265193	2	14745
218	246	24601058	24699727	169	0	82	-0.100392	-3.58846	0	0.485207100591716	2	14746
218	266	26601206	26696527	158	0	76	-1.1229	-2.8179	0	0.481012658227848	1	14766
218	408	40800323	40898780	254	0	122	0.475187	-4.96651	0	0.480314960629921	4	14908
219	174	17400110	17499993	391	0	206	-0.284794	-3.63767	0	0.526854219948849	10	15194
219	208	20800328	20894266	141	0	120	-1.78338	-3.36471	0	0.851063829787234	4	15227
219	282	28200259	28298707	80	0	36	-0.573281	-2.55778	0	0.45	2	15296
220	97	9700003	9793370	510	0	221	0.185498	-3.41868	0	0.433333333333333	10	15470
220	109	10901917	10999518	383	0	255	1.94483	-3.88589	0	0.66579634464752	8	15482
220	237	23713991	23799862	85	0	40	0.149594	-4.89056	0	0.470588235294118	1	15610
221	70	7001295	7068094	516	0	345	-0.162873	-3.28992	0	0.668604651162791	10	16102
221	177	17700930	17799912	317	0	217	-0.641697	-3.66034	0	0.684542586750789	8	16208
221	302	30200252	30298984	276	0	87	0.53355	-3.30593	0	0.315217391304348	7	16333
221	318	31800075	31899780	209	0	97	-0.399349	-2.72795	0	0.464114832535885	5	16349
221	405	40501431	40599926	669	0	343	-0.0779343	-4.06428	0	0.51270553064275	10	16436
221	488	48821000	48867134	23	0	13	-0.235266	-3.12414	0	0.565217391304348	1	16519
222	50	5000358	5099379	375	1	202	2.26927	-3.82248	0.00266666666666667	0.538666666666667	9	16620
222	104	10400447	10499933	400	0	281	0.358421	-4.60534	0	0.7025	9	16674
222	132	13200024	13299454	332	0	220	-0.535106	-3.77984	0	0.662650602409639	8	16702
222	146	14600272	14699919	221	0	83	0.428477	-4.4033	0	0.375565610859729	5	16716
222	168	16800561	16899596	167	0	89	1.32761	-5.6907	0	0.532934131736527	3	16738
222	169	16900613	16998757	99	0	99	-2.35342	-4.22428	0	1	1	16739
222	267	26700401	26797733	209	0	142	0.640182	-4.07562	0	0.679425837320574	4	16837
222	352	35226617	35298441	261	0	187	0.561517	-4.96084	0	0.716475095785441	6	16922
223	38	3836413	3883833	20	0	10	-1.06919	-2.9378	0	0.5	2	17076
223	62	6208877	6293678	56	0	27	0.797031	-3.51317	0	0.482142857142857	6	17100
224	11	1100058	1194123	172	0	91	-1.18731	-3.55648	0	0.52906976744186	2	17115
224	12	1202520	1299783	203	0	177	-0.917743	-4.55814	0	0.87192118226601	3	17116
224	57	5700770	5799125	257	0	96	-0.657341	-2.96114	0	0.373540856031128	5	17161
224	85	8501217	8599572	131	0	94	-1.26546	-3.27861	0	0.717557251908397	1	17189
224	389	38902874	38999489	131	0	70	-0.0651258	-3.12921	0	0.534351145038168	1	17490
225	334	33400242	33499015	213	0	103	0.144133	-3.82841	0	0.483568075117371	3	17863
225	371	37100480	37199411	204	0	102	-0.402326	-3.59094	0	0.5	3	17900
225	418	41801087	41899951	705	0	651	-0.856862	-4.1516	0	0.923404255319149	10	17947
225	421	42100008	42199369	672	0	534	-0.873176	-3.05027	0	0.794642857142857	10	17950
226	226	22602746	22695521	385	0	288	1.4918	-5.03319	0	0.748051948051948	9	18211
226	300	30000446	30099650	284	0	190	0.759867	-3.97571	0	0.669014084507042	8	18272
226	396	39600015	39697270	206	0	72	0.428855	-3.81259	0	0.349514563106796	5	18366
227	275	27500113	27599976	294	0	161	0.660986	-4.73623	0	0.547619047619048	6	18674
227	332	33219938	33299611	274	0	108	1.37505	-3.0756	0	0.394160583941606	5	18731
227	387	38702157	38799131	361	0	161	0.755844	-3.06943	0	0.445983379501385	7	18786
228	113	11304081	11399941	387	0	246	-0.788999	-3.78388	0	0.635658914728682	8	18936
228	203	20300271	20392864	245	0	143	-0.805673	-3.81923	0	0.583673469387755	4	19026
228	206	20600112	20699830	228	0	130	-0.686837	-3.40299	0	0.570175438596491	4	19029
229	34	3400075	3499983	137	0	101	-0.890137	-3.22077	0	0.737226277372263	7	19217
229	35	3500050	3599543	89	0	83	-1.87465	-3.24478	0	0.932584269662921	6	19218
231	8	800043	897340	173	0	89	1.76538	-3.61109	0	0.514450867052023	4	19452
231	353	35302427	35398091	96	0	55	-0.254309	-2.89399	0	0.572916666666667	1	19795
