LG	window	start	end	count	countHigh	countLow	Max	Min	PropHigh	PropLow	quantile_bin	index
192	41	4102568	4199580	424	170	16	3.39179	-2.75383	0.400943396226415	0.0377358490566038	9	42
192	250	25000271	25096209	386	155	0	3.65895	-1.0054	0.401554404145078	0	9	250
192	426	42600176	42696440	200	137	0	4.3207	0.431925	0.685	0	4	426
192	670	67000150	67099655	187	86	0	3.50164	0.649043	0.459893048128342	0	4	670
192	672	67200435	67299943	299	167	0	2.96483	0.213117	0.558528428093645	0	7	672
192	872	87203777	87299938	104	44	0	3.18497	0.600403	0.423076923076923	0	2	870
192	996	99600013	99638895	55	34	0	3.68507	0.228286	0.618181818181818	0	1	988
193	84	8400553	8499122	175	75	0	3.24214	-0.703975	0.428571428571429	0	2	1073
193	144	14401195	14498596	217	70	0	3.82388	-0.790991	0.32258064516129	0	3	1133
193	207	20704856	20799996	96	35	0	3.01589	-0.173414	0.364583333333333	0	1	1196
193	214	21401025	21494348	237	120	0	3.62719	-0.593147	0.506329113924051	0	4	1203
193	410	41000317	41099876	357	191	0	3.23235	0.537293	0.535014005602241	0	8	1399
194	161	16100311	16199062	134	57	0	3.42964	-0.65765	0.425373134328358	0	2	1562
194	169	16900047	16999681	366	252	0	4.62393	-0.92039	0.688524590163934	0	8	1570
194	171	17100240	17199325	401	161	0	3.66836	-0.289906	0.401496259351621	0	9	1572
194	239	23901376	23994178	307	263	0	4.14069	-0.46981	0.856677524429967	0	7	1640
195	53	5301288	5397983	204	101	0	3.18683	0.72772	0.495098039215686	0	5	1917
195	135	13500047	13599087	226	79	0	3.2274	0.725559	0.349557522123894	0	6	1999
196	110	1.1e+07	11099582	435	160	0	3.05318	1.0752	0.367816091954023	0	9	2217
196	244	24400244	24499724	326	191	0	4.71555	0.00706876	0.585889570552147	0	7	2351
196	256	25600228	25699904	291	112	0	3.54228	-0.0670181	0.384879725085911	0	6	2363
196	258	25800479	25895152	310	162	0	3.75048	0.15727	0.52258064516129	0	7	2365
197	157	15700258	15799871	307	145	0	2.90866	-0.185887	0.472312703583062	0	8	2729
197	207	20700006	20799658	239	136	0	4.17168	0.184733	0.569037656903766	0	5	2779
197	210	21001456	21094754	95	44	0	4.35015	-0.611682	0.463157894736842	0	1	2782
197	242	24200444	24299850	297	123	0	3.09457	0.000800491	0.414141414141414	0	7	2814
197	389	38901821	38998224	203	105	0	3.78778	-0.3254	0.517241379310345	0	4	2960
197	390	39000018	39099997	321	204	0	4.17508	-0.687417	0.635514018691589	0	8	2961
198	328	32800817	32899659	174	75	0	3.68554	-1.01308	0.431034482758621	0	4	3432
198	391	39100997	39199962	160	53	0	3.08019	-0.832163	0.33125	0	3	3495
198	413	41302793	41398256	163	53	0	3.86255	0.114957	0.325153374233129	0	3	3517
198	562	56200030	56292190	164	61	0	3.78265	0.124318	0.371951219512195	0	3	3666
198	563	56301243	56398688	53	26	0	3.7179	0.574269	0.490566037735849	0	1	3667
199	37	3700083	3799898	734	421	0	4.08997	-0.199355	0.573569482288828	0	10	3893
199	319	31905753	31999912	373	216	0	3.92064	-0.216617	0.579088471849866	0	8	4171
199	354	35404385	35498740	63	38	0	4.08997	1.18837	0.603174603174603	0	1	4206
200	68	6801074	6896068	308	143	0	2.95381	0.839984	0.464285714285714	0	8	4588
200	69	6900865	6991571	380	152	0	3.75832	0.0611851	0.4	0	9	4589
200	128	12800702	12899169	324	156	9	3.93352	-2.66328	0.481481481481481	0.0277777777777778	8	4648
200	151	15101867	15199362	279	241	0	4.54921	1.22602	0.863799283154122	0	7	4671
200	226	22602297	22699892	114	72	0	3.34931	0.99595	0.631578947368421	0	1	4746
200	227	22701583	22798802	208	92	0	2.93856	0.945495	0.442307692307692	0	4	4747
200	228	22800743	22898321	102	51	0	2.91204	0.349059	0.5	0	1	4748
200	255	25500374	25599913	173	63	0	2.87384	-0.0636466	0.364161849710983	0	3	4775
200	568	56801091	56899795	153	77	0	3.65969	0.741049	0.503267973856209	0	2	5081
200	569	56900171	56997472	189	82	0	3.06309	0.646012	0.433862433862434	0	3	5082
200	571	57100573	57199651	266	130	0	3.67542	-0.593085	0.488721804511278	0	6	5084
201	35	3502484	3598263	185	79	0	3.62636	-1.76277	0.427027027027027	0	2	5120
201	124	12400456	12499496	409	199	0	3.61454	-1.5456	0.486552567237164	0	8	5209
201	479	47900079	47999863	238	93	0	3.23247	0.969349	0.390756302521008	0	4	5564
201	599	59900014	59999501	548	391	0	4.38996	-0.50547	0.713503649635037	0	10	5684
201	644	64400590	64499724	259	188	0	3.26346	0.225974	0.725868725868726	0	5	5729
202	110	11000012	11099998	382	179	0	3.4639	-0.203708	0.468586387434555	0	8	5844
202	132	13200207	13298093	194	157	0	3.38269	1.45113	0.809278350515464	0	3	5866
202	135	13501798	13599749	107	53	0	3.18884	0.828807	0.495327102803738	0	1	5869
202	159	15900103	15999328	180	74	0	2.96131	0.767933	0.411111111111111	0	2	5893
202	160	16000222	16097962	179	139	0	3.53427	1.27038	0.776536312849162	0	2	5894
202	167	16700023	16799961	243	133	0	3.10569	-0.0190617	0.547325102880658	0	5	5901
202	287	28703651	28799948	294	146	0	3.31189	-0.310248	0.496598639455782	0	6	6021
202	350	35000249	35099424	310	125	0	3.74098	0.225845	0.403225806451613	0	7	6084
202	441	44100353	44199875	350	163	0	3.23098	-0.970533	0.465714285714286	0	8	6175
202	524	52400957	52482317	223	137	0	5.33985	0.352581	0.614349775784753	0	4	6257
203	54	5407470	5499902	219	88	0	2.93537	-0.768136	0.401826484018265	0	4	6324
203	155	15506138	15599785	202	66	3	3.31256	-2.20645	0.326732673267327	0.0148514851485149	3	6425
203	165	16501036	16595250	134	48	0	3.25923	-1.00474	0.358208955223881	0	1	6435
203	321	32100423	32199299	291	123	0	3.91018	-1.00656	0.422680412371134	0	6	6591
203	456	45600234	45699654	276	136	0	3.90038	-0.929707	0.492753623188406	0	6	6726
204	1	110135	199130	423	327	0	3.49044	0.249077	0.773049645390071	0	9	6900
204	93	9300070	9399737	158	65	0	4.0454	-1.31032	0.411392405063291	0	2	6991
204	185	18500571	18599091	390	188	0	2.90456	0.890527	0.482051282051282	0	9	7083
204	226	22601282	22696470	167	77	0	3.38915	0.18341	0.461077844311377	0	2	7124
204	228	22800253	22899859	205	104	0	3.23808	0.924769	0.507317073170732	0	4	7126
204	259	25901346	25998702	312	227	0	3.39276	-0.234937	0.727564102564103	0	7	7157
205	229	22900648	22999693	264	101	0	3.55766	-1.95519	0.382575757575758	0	4	7706
205	246	24600008	24699433	266	189	0	3.3457	0.236033	0.710526315789474	0	5	7723
205	260	26001096	26099673	53	20	0	2.80467	-0.395004	0.377358490566038	0	1	7737
205	287	28700702	28799166	203	154	0	4.05586	-0.564148	0.758620689655172	0	2	7764
205	305	30500542	30599166	344	205	0	3.99088	0.2927	0.59593023255814	0	7	7782
205	313	31300177	31399201	203	79	0	2.76423	0.956716	0.389162561576355	0	2	7790
205	424	42401401	42499961	219	81	0	2.86888	-0.312589	0.36986301369863	0	3	7901
205	445	44500041	44599041	298	107	0	3.53027	-0.225433	0.359060402684564	0	6	7922
206	36	3600199	3698036	271	115	0	4.07411	-1.16051	0.424354243542435	0	6	7986
206	37	3700575	3799413	221	152	0	4.96136	0.148993	0.687782805429864	0	5	7987
206	38	3804946	3896346	222	129	0	3.10023	0.873927	0.581081081081081	0	5	7988
206	180	18000392	18099539	128	58	0	2.8557	0.940053	0.453125	0	2	8129
206	181	18100152	18196561	151	72	0	3.5425	0.0744141	0.47682119205298	0	2	8130
206	183	18301595	18397160	39	29	0	3.51479	0.584708	0.743589743589744	0	1	8132
206	211	21100290	21199957	202	114	0	4.01363	-0.0380722	0.564356435643564	0	4	8158
206	610	61003468	61096469	49	17	0	2.74696	-0.753725	0.346938775510204	0	1	8552
207	98	9800991	9898414	318	215	0	4.65602	-1.42783	0.676100628930818	0	8	8704
207	167	16700803	16798566	369	143	0	3.8775	-0.607664	0.387533875338753	0	9	8772
207	309	30900356	30999983	179	60	0	3.35023	-0.988518	0.335195530726257	0	3	8914
208	82	8200038	8299342	248	176	0	3.49548	0.740839	0.709677419354839	0	6	9290
208	299	29901737	29995444	114	52	0	4.42924	-0.24282	0.456140350877193	0	2	9507
208	308	30809366	30899665	93	51	0	2.8418	-0.585053	0.548387096774194	0	1	9516
208	309	30902819	30988417	129	79	0	3.01398	0.586618	0.612403100775194	0	2	9517
208	512	51200031	51299658	249	194	0	3.48474	0.379072	0.779116465863454	0	7	9720
208	585	58535932	58599172	181	113	0	3.81686	0.477998	0.624309392265193	0	4	9793
208	591	59111477	59145984	52	45	0	3.3272	1.48265	0.865384615384615	0	1	9799
209	110	11000244	11099991	808	598	0	5.13012	0.10554	0.74009900990099	0	10	10059
209	111	11100032	11196038	839	484	0	3.623	0.195109	0.576877234803337	0	10	10060
209	224	22407952	22499803	602	269	0	3.05251	-0.306493	0.446843853820598	0	10	10173
210	264	26400527	26498600	267	117	0	2.93072	-1.10015	0.438202247191011	0	6	10794
210	413	41300149	41399923	364	208	0	4.00034	-0.919978	0.571428571428571	0	8	10943
210	431	43102320	43197558	366	183	0	3.17812	-0.0855776	0.5	0	8	10961
210	524	52400912	52499951	208	109	0	2.81793	0.973166	0.524038461538462	0	4	11054
211	185	18500157	18599920	262	131	0	4.46165	-0.780585	0.5	0	7	11300
211	196	19600047	19699947	439	326	0	4.56123	-0.19609	0.742596810933941	0	10	11311
211	257	25701865	25799151	171	93	0	2.7718	0.0731889	0.543859649122807	0	4	11372
211	276	27600286	27699849	241	88	0	4.69611	-0.404532	0.365145228215768	0	6	11391
211	277	27700596	27798275	132	67	0	4.31373	-0.0185364	0.507575757575758	0	2	11392
211	288	28800382	28898595	145	56	0	3.04176	-1.0785	0.386206896551724	0	3	11403
211	294	29401123	29499973	202	177	0	4.81002	-0.83321	0.876237623762376	0	5	11409
211	295	29500250	29596813	243	163	0	4.17743	0.498086	0.670781893004115	0	6	11410
211	428	42800999	42899928	262	123	0	3.90393	-0.492476	0.469465648854962	0	7	11543
211	572	57200004	57299477	160	54	0	2.81059	1.14102	0.3375	0	3	11687
212	382	38200049	38299990	251	128	0	2.95641	-0.982065	0.50996015936255	0	5	12147
212	397	39700362	39785991	298	131	0	3.38414	-1.32702	0.439597315436242	0	6	12162
212	467	46701154	46796128	142	62	0	3.151	-0.68086	0.436619718309859	0	2	12231
212	504	50402906	50499944	365	177	0	3.52884	-1.04095	0.484931506849315	0	8	12268
214	480	48000220	48099842	267	177	0	3.79209	0.314558	0.662921348314607	0	5	12864
214	607	60701347	60799665	411	162	0	3.86481	0.134329	0.394160583941606	0	9	12990
215	45	4500081	4594877	537	324	0	3.46659	0.807408	0.603351955307263	0	10	13036
215	151	15100821	15199508	192	103	0	5.01343	-1.17139	0.536458333333333	0	3	13142
215	192	19201375	19299982	255	121	0	2.71732	0.0623249	0.474509803921569	0	6	13183
215	552	55200288	55299549	198	88	0	3.29502	-0.52387	0.444444444444444	0	4	13542
216	144	14400452	14472584	80	28	0	2.89067	0.454995	0.35	0	1	13753
216	254	25400088	25499374	204	117	0	3.15441	0.792456	0.573529411764706	0	4	13862
217	153	15300115	15399493	479	349	0	4.83225	0.14024	0.728601252609603	0	9	14135
217	236	23600092	23699512	355	145	0	3.31826	-0.50925	0.408450704225352	0	7	14218
217	412	41200030	41295112	191	72	0	2.697	-0.270199	0.37696335078534	0	3	14394
217	415	41500210	41599211	422	308	0	3.72394	-0.105996	0.729857819905213	0	8	14397
217	461	46101200	46198023	247	104	0	2.94905	-0.212813	0.421052631578947	0	4	14443
217	476	47601943	47697873	331	124	0	3.37554	-1.17314	0.374622356495468	0	6	14458
218	156	15602682	15699950	303	127	0	4.08183	-0.361444	0.419141914191419	0	6	14657
218	361	36100032	36198465	704	323	0	3.49753	-0.734433	0.458806818181818	0	10	14862
218	404	40400167	40499839	575	262	0	4.3893	-0.0463926	0.455652173913043	0	10	14905
219	132	13200158	13299896	247	98	0	3.31309	0.0840825	0.396761133603239	0	7	15154
219	135	13500527	13599735	172	84	0	3.13267	0.59249	0.488372093023256	0	5	15157
219	244	24400132	24499939	392	290	0	3.93901	-0.244714	0.739795918367347	0	10	15259
219	321	32100101	32193919	716	379	0	3.80094	-0.545585	0.529329608938548	0	10	15335
220	215	21503851	21599634	339	152	0	2.84408	-0.238313	0.448377581120944	0	7	15589
220	217	21700263	21799721	445	214	0	4.66731	0.4912	0.480898876404494	0	9	15591
220	315	31500632	31599900	245	169	0	4.41099	-0.706614	0.689795918367347	0	5	15689
220	316	31600378	31699576	340	275	0	4.68959	0.78554	0.808823529411765	0	7	15690
220	317	31700522	31799847	342	316	0	4.67631	1.39401	0.923976608187134	0	8	15691
220	318	31802481	31898477	253	128	0	3.85087	0.918762	0.505928853754941	0	5	15692
220	319	31901923	31999303	367	230	11	3.6944	-2.81193	0.626702997275204	0.0299727520435967	8	15693
220	509	50900023	50998696	664	384	0	3.38623	-0.264946	0.578313253012048	0	10	15882
220	515	51501244	51599008	236	158	0	4.6693	1.04497	0.669491525423729	0	5	15888
220	516	51601239	51697554	312	280	0	4.10739	0.687722	0.897435897435897	0	7	15889
221	11	1100078	1199304	547	360	0	4.90527	1.2826	0.658135283363803	0	10	16044
221	12	1200291	1299907	348	277	0	4.60274	1.4522	0.795977011494253	0	9	16045
221	13	1302703	1399685	298	148	0	3.69194	-0.314673	0.496644295302013	0	8	16046
221	94	9400009	9499899	467	280	0	2.75089	1.18515	0.599571734475375	0	10	16126
221	95	9500189	9599699	356	139	0	2.56781	0.704504	0.390449438202247	0	9	16127
221	97	9700678	9799965	588	341	0	3.91293	0.593523	0.579931972789116	0	10	16129
221	99	9902023	9995116	283	194	0	2.83462	0.669003	0.685512367491166	0	7	16131
221	330	33000282	33098675	237	93	0	3.50381	0.0112108	0.392405063291139	0	6	16362
221	536	53600850	53699607	227	108	0	3.69168	0.448746	0.475770925110132	0	5	16566
222	79	7900190	7999293	180	79	0	2.81643	0.279174	0.438888888888889	0	3	16650
222	86	8600031	8699607	224	223	0	4.83498	1.89762	0.995535714285714	0	5	16657
222	87	8700046	8797737	186	95	0	3.64518	-1.0394	0.510752688172043	0	4	16658
222	92	9200092	9299508	250	102	0	2.69046	0.538799	0.408	0	6	16663
222	157	15701031	15799634	59	39	0	3.29652	0.283184	0.661016949152542	0	1	16728
222	181	18105335	18199749	93	53	0	4.09445	0.723743	0.56989247311828	0	1	16752
222	182	18201770	18298384	301	301	0	5.65066	3.60062	1	0	7	16753
222	189	18900301	18999357	134	73	0	3.71013	-0.581246	0.544776119402985	0	2	16760
222	196	19602457	19699954	155	114	0	3.7217	0.589713	0.735483870967742	0	2	16767
222	438	43800145	43899645	193	80	0	2.95734	0.238526	0.414507772020725	0	4	17009
224	55	5500366	5590988	440	229	0	3.55651	-0.147469	0.520454545454546	0	9	17160
224	73	7312412	7399654	290	127	0	3.59444	-1.55731	0.437931034482759	0	6	17178
224	304	30400045	30498785	155	68	0	4.07963	-1.52937	0.438709677419355	0	1	17406
224	324	32400111	32499785	201	92	5	3.86304	-2.45737	0.45771144278607	0.0248756218905473	3	17426
224	325	32500859	32599627	257	148	0	3.4781	1.12064	0.575875486381323	0	5	17427
224	326	32600176	32699654	258	173	0	4.41032	0.931448	0.670542635658915	0	5	17428
224	421	42100008	42198209	172	94	0	3.5857	-0.80357	0.546511627906977	0	2	17523
225	64	6400416	6496439	306	161	0	3.75519	-0.193815	0.526143790849673	0	5	17595
225	413	41301457	41399970	454	197	0	3.72751	-0.169971	0.433920704845815	0	9	17943
225	414	41400358	41498984	457	254	0	3.5673	0.10919	0.555798687089716	0	9	17944
225	451	45100263	45199158	457	187	0	3.59895	0.395248	0.409190371991247	0	9	17981
226	181	18100080	18199966	441	223	0	3.7281	-1.32771	0.505668934240363	0	10	18167
227	280	28000324	28099885	618	330	0	3.69773	0.130827	0.533980582524272	0	10	18680
227	366	36600732	36698558	210	81	0	3.45564	-0.866937	0.385714285714286	0	3	18766
228	202	20200633	20299619	201	121	0	3.26451	-0.0331486	0.601990049751244	0	3	19026
228	255	25501294	25599796	503	251	0	4.96617	-0.615516	0.499005964214712	0	9	19079
230	32	3200227	3299922	1224	1040	0	3.96748	0.454842	0.849673202614379	0	10	19279
230	33	3300132	3399992	616	473	0	4.9466	0.2948	0.767857142857143	0	10	19280
230	109	10901579	10993892	188	92	0	2.77788	-0.154224	0.48936170212766	0	3	19348
231	31	3100020	3198888	398	178	0	3.16109	0.534877	0.447236180904523	0	9	19475
231	117	11700082	11797293	361	260	0	3.944	-0.466137	0.7202216066482	0	8	19560
231	284	28400415	28499371	164	141	0	3.44088	1.3108	0.859756097560976	0	3	19727
192	448	44802169	44899957	557	0	451	-1.20255	-4.71735	0	0.809694793536804	10	448
192	449	44900534	44999853	596	0	307	0.391611	-5.01826	0	0.51510067114094	10	449
192	493	49300042	49398247	227	0	146	0.253453	-3.77573	0	0.643171806167401	5	493
192	588	58800274	58899997	275	0	141	0.459665	-4.12572	0	0.512727272727273	7	588
192	589	58900622	58999743	504	0	277	-1.03065	-4.42074	0	0.549603174603175	10	589
192	590	59000092	59099580	401	0	262	0.254632	-4.81301	0	0.653366583541147	9	590
192	593	59300238	59399957	385	0	179	-0.753561	-3.36275	0	0.464935064935065	9	593
192	594	59400116	59499926	391	0	210	-0.108239	-3.93114	0	0.537084398976982	9	594
192	595	59500019	59598964	324	0	183	-0.568538	-3.37588	0	0.564814814814815	8	595
192	597	59700220	59799302	190	0	165	-0.993778	-4.55436	0	0.868421052631579	4	597
192	598	59800407	59899947	247	0	195	-0.635232	-3.55448	0	0.789473684210526	6	598
192	721	72100108	72197408	233	0	104	-0.0895472	-3.48792	0	0.446351931330472	5	719
192	757	75709233	75799906	351	0	198	0.0535402	-2.86175	0	0.564102564102564	8	755
192	758	75800090	75898346	148	0	100	-0.281421	-4.91707	0	0.675675675675676	3	756
192	759	75909289	75999896	237	0	214	0.442295	-4.44759	0	0.90295358649789	5	757
192	760	76000019	76098664	117	0	99	-0.851077	-3.87402	0	0.846153846153846	2	758
192	791	79100322	79199684	201	0	139	-1.32908	-3.55351	0	0.691542288557214	4	789
193	166	16600293	16699882	421	0	331	-0.888713	-3.88009	0	0.786223277909739	9	1155
194	143	14300256	14398047	275	0	230	-0.649561	-4.46039	0	0.836363636363636	6	1544
194	359	35900362	35999989	549	0	266	0.315795	-3.83448	0	0.484517304189435	10	1760
195	236	23600049	23698934	240	0	147	-0.520705	-3.88057	0	0.6125	6	2097
195	237	23700390	23799123	226	0	128	0.52328	-4.08792	0	0.566371681415929	6	2098
196	51	5100226	5199929	297	0	147	0.428225	-4.23685	0	0.494949494949495	6	2158
197	86	8600209	8699685	143	0	68	-0.693886	-3.54065	0	0.475524475524476	2	2658
197	408	40804957	40899350	261	0	136	0.741492	-3.60828	0	0.521072796934866	6	2979
198	28	2802925	2899714	122	0	65	0.31586	-3.45403	0	0.532786885245902	2	3134
198	29	2900397	2999487	335	0	208	0.974129	-5.42007	0	0.62089552238806	9	3135
198	56	5602837	5699918	377	0	245	-0.332799	-5.41966	0	0.649867374005305	10	3161
198	511	51101034	51198910	582	29	287	2.71927	-4.6711	0.0498281786941581	0.493127147766323	10	3615
198	537	53702042	53798772	150	0	84	-0.360419	-2.95357	0	0.56	3	3641
198	676	67600678	67699803	158	0	110	-0.905115	-3.29035	0	0.69620253164557	3	3780
198	678	67801050	67899990	218	0	136	-0.218313	-4.04715	0	0.623853211009174	6	3782
198	679	67900181	67999147	213	0	117	-0.434762	-3.71775	0	0.549295774647887	6	3783
198	680	68000576	68095695	244	0	121	-0.931742	-3.88319	0	0.495901639344262	7	3784
198	714	71400954	71499767	264	0	198	-0.354218	-3.76231	0	0.75	7	3816
198	715	71500308	71599978	368	0	317	-0.112574	-3.93799	0	0.861413043478261	9	3817
198	742	74200258	74299882	253	0	128	-0.0187098	-3.89932	0	0.505928853754941	7	3841
199	67	6700145	6768543	314	0	204	-0.506318	-4.1078	0	0.64968152866242	7	3923
199	636	63600666	63697744	240	0	114	1.39661	-3.75663	0	0.475	5	4487
199	637	63701040	63793913	109	0	58	-0.107514	-2.88098	0	0.532110091743119	1	4488
200	37	3700102	3799685	135	0	50	-0.0106989	-3.56099	0	0.37037037037037	2	4557
200	38	3801379	3899730	117	0	81	-0.243457	-3.57119	0	0.692307692307692	1	4558
200	40	4008848	4093922	102	0	62	-1.0405	-3.00046	0	0.607843137254902	1	4560
200	41	4101137	4193579	114	0	62	-0.363776	-2.88233	0	0.543859649122807	1	4561
200	76	7600308	7699616	158	0	110	-0.564896	-4.37175	0	0.69620253164557	2	4596
200	77	7700165	7795010	158	0	147	-1.40676	-3.96411	0	0.930379746835443	2	4597
200	82	8204973	8299935	355	0	212	-0.326869	-3.08392	0	0.597183098591549	8	4602
200	83	8300186	8397705	223	0	96	-0.4544	-3.43504	0	0.430493273542601	5	4603
200	103	10301673	10398406	211	0	95	0.621121	-4.03891	0	0.450236966824645	4	4623
201	225	22500546	22599481	532	0	310	-0.470226	-3.93675	0	0.582706766917293	10	5310
201	293	29300193	29399985	175	0	68	0.502668	-3.47831	0	0.388571428571429	2	5378
202	52	5200241	5299743	230	0	175	-0.066325	-3.91198	0	0.760869565217391	4	5786
202	118	11800021	11893927	193	0	93	-0.591855	-3.6642	0	0.481865284974093	3	5852
202	417	41700234	41799894	302	0	160	-0.0443215	-3.60945	0	0.529801324503311	7	6151
202	418	41800309	41899351	538	0	270	-0.0179624	-3.84816	0	0.50185873605948	10	6152
203	119	11900519	11999738	375	0	278	0.204493	-3.83726	0	0.741333333333333	8	6389
203	217	21700156	21799498	356	0	214	0.963312	-4.49415	0	0.601123595505618	8	6487
203	231	23101438	23199623	225	0	103	0.830149	-4.61698	0	0.457777777777778	4	6501
203	288	28800676	28899166	221	0	141	-0.551735	-3.81664	0	0.638009049773756	4	6558
203	289	28900080	28998869	220	0	200	-1.52255	-4.33813	0	0.909090909090909	4	6559
203	542	54201254	54299543	214	0	135	-1.3286	-2.82364	0	0.630841121495327	4	6812
203	543	54300005	54399974	170	0	123	-1.5698	-3.7118	0	0.723529411764706	2	6813
204	564	56401096	56498873	296	0	237	-0.739853	-3.94265	0	0.800675675675676	7	7462
204	571	57100843	57199473	149	0	119	-1.52691	-4.37642	0	0.798657718120805	1	7469
205	138	13800247	13894403	281	0	154	1.43586	-4.57626	0	0.548042704626335	5	7615
205	258	25800005	25899897	180	0	76	0.638717	-3.02629	0	0.422222222222222	2	7735
205	272	27200828	27288803	111	0	61	-0.521573	-3.48821	0	0.54954954954955	1	7749
205	393	39300303	39394487	400	0	269	-0.733172	-3.60383	0	0.6725	8	7870
205	394	39401197	39499891	178	0	69	-0.0698823	-2.73027	0	0.387640449438202	2	7871
205	467	46700280	46799411	262	0	200	-0.60239	-4.01646	0	0.763358778625954	4	7944
205	472	47200396	47299422	272	0	119	-0.216512	-3.77173	0	0.4375	5	7949
206	34	3400273	3499761	367	0	167	-0.0306944	-3.05206	0	0.455040871934605	9	7984
206	55	5500126	5596107	182	0	82	0.142692	-3.67468	0	0.450549450549451	3	8005
206	346	34600058	34699488	420	0	209	-0.460594	-3.7582	0	0.497619047619048	9	8290
206	358	35800024	35897962	157	0	84	-0.300967	-3.52471	0	0.535031847133758	3	8302
206	374	37400669	37499407	349	0	251	0.0443267	-4.31549	0	0.71919770773639	8	8318
206	662	66200060	66299990	353	0	211	-0.024664	-3.83573	0	0.597733711048159	8	8600
206	664	66400090	66499062	276	0	214	-0.805064	-4.04011	0	0.77536231884058	6	8602
207	495	49500064	49597560	300	0	240	0.290366	-4.43547	0	0.8	7	9100
207	565	56500159	56599974	362	0	178	0.37599	-4.77913	0	0.49171270718232	9	9170
208	216	21600267	21695282	254	0	120	0.0995697	-3.19309	0	0.47244094488189	7	9424
208	235	23501163	23599932	214	0	161	-0.816828	-3.36702	0	0.752336448598131	5	9443
208	236	23600059	23699273	248	0	172	-0.638647	-3.17843	0	0.693548387096774	6	9444
208	343	34319366	34399760	102	0	57	-0.701686	-2.61429	0	0.558823529411765	1	9551
208	351	35100968	35199428	195	0	155	-0.838309	-3.56407	0	0.794871794871795	5	9559
208	352	35201891	35299856	315	0	310	-1.11107	-6.1757	0	0.984126984126984	8	9560
208	353	35300633	35399755	296	0	234	-1.32415	-3.915	0	0.790540540540541	8	9561
208	354	35402030	35499547	369	0	363	-1.81467	-4.55303	0	0.983739837398374	9	9562
208	355	35500015	35599933	501	0	297	-0.0232523	-4.44858	0	0.592814371257485	10	9563
209	102	10200009	10299988	771	0	377	0.044357	-4.04696	0	0.488975356679637	10	10051
209	253	25300665	25399946	269	0	136	1.62385	-4.63069	0	0.505576208178439	6	10202
209	519	51900300	51998326	207	0	146	0.073674	-3.48369	0	0.705314009661836	4	10468
209	520	52000231	52099749	170	0	127	-0.48514	-4.05234	0	0.747058823529412	3	10469
209	542	54201015	54292778	242	0	148	0.689186	-4.37944	0	0.611570247933884	5	10491
210	161	16104770	16199866	385	0	247	-0.126937	-4.89229	0	0.641558441558442	8	10691
210	217	21700244	21799965	887	0	698	0.841551	-4.4405	0	0.786922209695603	10	10747
210	223	22300433	22399769	387	0	208	-0.210914	-3.88448	0	0.537467700258398	8	10753
210	255	25500321	25596245	235	0	145	-0.296528	-4.19716	0	0.617021276595745	5	10785
210	256	25602263	25699919	201	0	104	-0.921612	-4.28176	0	0.517412935323383	4	10786
210	291	29100106	29199783	320	0	191	0.541153	-3.35634	0	0.596875	7	10821
210	292	29200094	29299982	271	0	161	-0.0165731	-3.90385	0	0.59409594095941	6	10822
210	331	33101222	33199910	242	0	112	0.521323	-3.36342	0	0.462809917355372	5	10861
210	332	33200123	33299740	331	0	174	1.41078	-4.17421	0	0.525679758308157	7	10862
211	132	13200690	13297504	150	1	87	2.36525	-3.95841	0.00666666666666667	0.58	3	11247
211	304	30400262	30499936	152	0	83	-0.180536	-3.18764	0	0.546052631578947	3	11419
211	305	30500136	30599597	182	0	118	0.218915	-4.05286	0	0.648351648351648	4	11420
211	336	33600280	33698740	188	0	90	-0.300556	-3.29333	0	0.478723404255319	4	11451
211	383	38300213	38399790	293	0	200	0.234549	-5.2294	0	0.68259385665529	8	11498
211	478	47801913	47899076	244	0	146	0.601658	-4.23957	0	0.598360655737705	6	11593
212	181	18100001	18198697	118	0	55	-0.205048	-3.23043	0	0.466101694915254	1	11948
212	542	54200016	54293993	426	0	287	1.25366	-4.86256	0	0.673708920187793	9	12306
213	35	3521446	3595546	90	0	66	0.0915362	-3.25137	0	0.733333333333333	9	12379
214	278	27801753	27898778	239	0	172	-0.699513	-4.03284	0	0.719665271966527	4	12667
214	355	35500229	35599948	196	0	147	-1.25659	-5.12587	0	0.75	3	12739
214	357	35700128	35799446	218	0	170	-0.884904	-4.00972	0	0.779816513761468	4	12741
214	378	37801650	37899323	101	0	60	-1.03879	-3.63052	0	0.594059405940594	1	12762
214	434	43403548	43499705	131	0	97	-0.386066	-5.1153	0	0.740458015267176	1	12818
214	581	58100432	58198970	124	0	94	0.645439	-3.88418	0	0.758064516129032	1	12965
214	582	58200443	58299673	305	6	222	2.3361	-6.10293	0.019672131147541	0.727868852459016	6	12966
215	38	3800501	3899485	242	0	133	-0.549142	-3.97083	0	0.549586776859504	5	13029
215	40	4001114	4094216	91	0	48	0.433843	-3.29085	0	0.527472527472527	1	13031
215	99	9904622	9999751	249	0	138	-0.243986	-4.86037	0	0.55421686746988	6	13090
215	196	19600300	19697957	186	0	142	-1.14603	-3.92939	0	0.763440860215054	3	13187
215	198	19808428	19899740	176	0	145	-0.606037	-3.53378	0	0.823863636363636	3	13189
215	199	19900057	19995886	218	0	171	-0.89542	-4.72409	0	0.784403669724771	4	13190
215	200	20000636	20098351	227	0	161	-1.24359	-4.92679	0	0.709251101321586	5	13191
216	10	1000106	1098871	191	0	136	-0.462028	-4.09247	0	0.712041884816754	3	13619
216	93	9300221	9399895	200	0	138	-1.09555	-4.15142	0	0.69	4	13702
216	94	9400155	9499854	313	0	221	0.696037	-4.23042	0	0.706070287539936	8	13703
216	95	9500257	9599645	474	0	407	-0.933315	-3.7057	0	0.858649789029536	10	13704
216	97	9702191	9799942	239	0	115	-0.521995	-3.21796	0	0.481171548117155	5	13706
216	100	10000191	10099467	346	0	346	-2.2283	-5.94527	0	1	8	13709
216	102	10200826	10298854	148	0	66	0.599787	-3.03293	0	0.445945945945946	2	13711
216	286	28600270	28698748	267	0	138	0.489595	-3.60805	0	0.51685393258427	7	13894
217	202	20213659	20298728	324	0	307	-1.5358	-5.00015	0	0.947530864197531	6	14184
217	203	20307760	20399850	350	0	293	-0.744812	-4.28722	0	0.837142857142857	7	14185
217	272	27200007	27298963	277	0	189	-0.975053	-3.79208	0	0.68231046931408	5	14254
217	308	30800878	30899707	606	0	347	-0.26167	-4.01825	0	0.572607260726073	10	14290
217	507	50705638	50797358	181	0	109	0.461152	-3.91922	0	0.602209944751381	2	14488
218	313	31300083	31397396	473	0	219	0.697895	-4.15066	0	0.463002114164905	9	14814
218	375	37503443	37599851	332	1	297	2.20673	-6.59556	0.00301204819277108	0.894578313253012	7	14876
218	392	39200012	39299943	273	0	169	-0.288354	-4.96561	0	0.619047619047619	5	14893
219	58	5800458	5891089	36	0	22	-1.27784	-2.646	0	0.611111111111111	1	15081
219	143	14303288	14399973	321	0	188	-0.714323	-3.46309	0	0.585669781931464	8	15165
219	208	20800328	20894266	141	0	126	-1.81136	-3.75108	0	0.893617021276596	4	15228
219	209	20900963	20998204	99	0	80	-0.725527	-3.87765	0	0.808080808080808	3	15229
219	274	27400006	27499716	222	0	117	-0.253249	-3.204	0	0.527027027027027	6	15289
220	103	10301420	10394842	335	0	182	0.325767	-4.36656	0	0.543283582089552	7	15477
220	225	22500674	22598587	131	0	58	0.648238	-4.2107	0	0.442748091603053	2	15599
220	259	25900137	25999849	264	0	113	0.304559	-3.30996	0	0.428030303030303	5	15633
220	321	32100049	32199892	359	0	188	1.27913	-3.92863	0	0.523676880222841	8	15695
220	483	48300046	48399641	393	0	186	-0.653546	-3.37947	0	0.473282442748092	9	15856
220	650	65000014	65099592	412	0	303	0.629826	-4.48287	0	0.735436893203884	9	16022
221	70	7001295	7068094	516	0	382	-0.0783212	-3.2421	0	0.74031007751938	10	16103
221	357	35701301	35799914	376	0	171	0.279838	-3.39515	0	0.454787234042553	9	16389
221	405	40501431	40599926	669	0	482	-0.500537	-5.2627	0	0.720478325859492	10	16437
221	484	48400128	48483916	476	0	241	0.939531	-4.1751	0	0.506302521008403	10	16516
222	177	17701679	17799582	189	0	127	-0.699564	-3.76719	0	0.671957671957672	4	16748
222	304	30400443	30499345	468	0	219	0.113729	-3.75859	0	0.467948717948718	10	16875
222	327	32700431	32799899	341	0	206	-0.624263	-3.67165	0	0.604105571847507	8	16898
222	330	33000629	33099771	165	0	78	-0.211448	-3.81399	0	0.472727272727273	3	16901
222	331	33100007	33198884	153	0	86	0.217051	-3.22758	0	0.562091503267974	2	16902
224	23	2338336	2395689	195	0	172	-0.164328	-4.28022	0	0.882051282051282	3	17128
224	253	25300128	25399411	219	0	131	1.02809	-4.08609	0	0.598173515981735	4	17355
225	16	1600043	1699820	180	0	76	1.62723	-3.38042	0	0.422222222222222	2	17547
225	68	6803306	6899987	513	0	250	0.186901	-2.81704	0	0.487329434697856	10	17599
225	165	16501033	16583093	339	0	159	-0.175905	-3.36163	0	0.469026548672566	7	17696
225	167	16700240	16799555	87	0	60	-0.257161	-3.6955	0	0.689655172413793	1	17698
225	324	32400208	32499819	473	0	247	0.159024	-4.19974	0	0.522198731501057	9	17854
226	143	14328365	14398777	48	0	37	-1.09509	-3.12978	0	0.770833333333333	1	18129
226	278	27800182	27899408	204	0	150	0.240361	-4.46747	0	0.735294117647059	5	18264
226	307	30700285	30799575	225	0	141	0.164084	-4.81067	0	0.626666666666667	6	18280
226	308	30800304	30899852	351	0	335	-1.39585	-4.77785	0	0.954415954415954	9	18281
226	317	31702927	31799969	281	0	152	0.104666	-4.6253	0	0.540925266903915	7	18290
227	8	800002	899956	831	0	634	-0.641588	-4.02979	0	0.762936221419976	10	18408
227	9	900006	995394	405	0	238	1.62796	-4.71728	0	0.587654320987654	8	18409
227	114	11400383	11499704	309	0	153	-0.741722	-3.18153	0	0.495145631067961	6	18514
227	309	30900030	30965789	196	0	78	-0.703237	-3.18085	0	0.397959183673469	2	18709
227	419	41936708	41995855	47	0	28	-1.30296	-3.02221	0	0.595744680851064	1	18819
229	45	4500884	4575758	140	0	102	0.0937055	-4.39265	0	0.728571428571429	7	19228
230	23	2300081	2398815	391	0	220	-0.656681	-4.66521	0	0.562659846547315	7	19270
231	33	3301132	3399960	431	0	225	1.2857	-3.92659	0	0.522041763341067	9	19477
231	332	33200017	33294097	144	0	97	-1.08939	-3.49935	0	0.673611111111111	3	19775
231	333	33300679	33399788	117	0	84	-1.07301	-3.0396	0	0.717948717948718	1	19776
231	334	33401811	33497960	124	0	78	-0.597889	-3.34901	0	0.629032258064516	2	19777
231	335	33500060	33598337	163	0	163	-2.19354	-4.16796	0	1	3	19778
231	336	33601203	33699913	140	0	129	-1.30396	-3.7839	0	0.921428571428571	2	19779
231	337	33701363	33799093	150	0	99	-0.545843	-3.65638	0	0.66	3	19780
231	338	33800446	33893302	146	0	99	-0.926511	-4.43018	0	0.678082191780822	3	19781
231	348	34800631	34899673	141	0	60	-1.14056	-2.57214	0	0.425531914893617	2	19791
231	349	34900154	34999501	131	0	64	-0.53446	-2.82705	0	0.488549618320611	2	19792
231	358	35800443	35898047	94	0	60	-0.146178	-3.65482	0	0.638297872340426	1	19801
