sampleID	genepop_pop	pop	.sample.id	PC1	PC2	PC3	PC4	PC5	PC6	PC7	PC8	PC9
23-07451,	23-07451,	Pelee_Island	1	0.016593929165940866	-0.10959590109651385	-0.025367197587436108	0.07473799235769911	-0.03500912843522978	0.04359524941832504	-0.025221704692693997	0.0018122336234951014	-0.009275559716105258
23-07452,	23-07451,	Pelee_Island	2	-0.06166522359016349	0.03475504992254097	-0.012557257014326348	0.06824409787532645	0.06171170356393278	0.10836366643032055	-0.05078608563050143	0.08303878603969257	0.01796998760246423
23-07453,	23-07451,	Pelee_Island	3	0.04098983740692405	0.05044905910379771	-0.0018928456532050775	-0.17443388585018527	0.04757261604200777	0.051040822629686886	-0.04001355228620171	-0.01928990520385209	0.04840859647218598
23-07454,	23-07451,	Pelee_Island	4	-0.07074487923163353	0.09476499862129645	-0.026725497543055768	0.007372971429302336	0.037925383267573484	-0.1239024638717081	-0.03761414608462316	0.04971193934027606	-0.045390993275519126
23-07455,	23-07451,	Pelee_Island	5	-0.08453273915014181	0.030138577615885016	-0.006972283610341731	0.037545314710371036	0.06621004727882934	0.04097567967063634	-0.02709666590875913	0.055588532917491724	-0.01452378487274077
23-07456,	23-07451,	Pelee_Island	6	0.04583603223317623	-0.05672170802028842	-0.0176842269317683	-0.1352045045175752	-0.06523838638616397	-0.0031014369635829903	-0.027562526730818618	0.07033395759926425	0.05660793684561447
23-07457,	23-07451,	Pelee_Island	7	-0.08110246444543906	0.022608875452425847	-0.0010568222711882513	-0.037601633164881854	0.028178865780846912	-0.08348811814756832	-0.02294629821664268	-0.0037101610360627847	-0.05513922454124372
23-07458,	23-07451,	Pelee_Island	8	-0.029865093805482107	0.02756211229176686	0.012976640341560125	-0.01089512145921312	-0.03236288874067908	-0.10304152725346367	0.016702540684133724	0.03179642657657649	-0.009478686735941459
23-07459,	23-07451,	Pelee_Island	9	-0.02190372660872572	-0.01567688558358804	7.725410293561719e-4	0.011639006106975436	0.03854577598734492	0.07171465704613042	-0.10618978109175366	0.02064764759548934	0.026930068893805455
23-07460,	23-07451,	Pelee_Island	10	0.056493043617988944	0.003916718341872558	-0.06781162781635848	-0.033277994282404716	0.044727571727083165	-0.015936683405775698	-0.04332419012220942	-0.04082778674937527	0.07513938228046861
23-07461,	23-07451,	Pelee_Island	11	0.06354904325148049	-0.09146065140781767	0.05566210886389336	0.0365224751459122	0.11910152476224678	-0.011274409544825115	0.027452524632508718	-0.02774139509234379	0.01171857186445779
23-07462,	23-07451,	Pelee_Island	12	-0.06608473100206833	-0.009471491913441998	-0.01844852366226074	0.026233288517797177	0.02183437173813968	0.03382948772110968	0.06557734106516264	0.0018814544072001975	-0.018985564710094726
23-07463,	23-07451,	Pelee_Island	13	0.07117686409510683	0.08262876959581686	0.08096076064034874	-0.1639839567212357	0.027149635766476582	0.04446700104050011	-0.04424451570751914	0.08134303442536149	-0.02393846438581975
23-07464,	23-07451,	Pelee_Island	14	0.08994410256598956	-0.10552060337498398	0.006907305705625033	-0.12902987455506526	0.002214519103854118	-0.026014358615230437	-0.02884715079028241	0.10600491872215452	0.07662677145949774
23-07465,	23-07451,	Pelee_Island	15	-0.09247609534054783	0.049506430075524924	-0.03179558267213939	-0.040058670572554134	-0.10723002361598438	-0.054725881988040986	-0.041102618564771695	0.14770638484997348	0.02984805387562053
23-07467,	23-07451,	Pelee_Island	16	0.07246552019001053	0.04511014133391303	-0.014981823446643588	-0.03134851914045876	-0.03647899192975401	-0.03386733983768547	-0.04100518903046767	-0.0502690167169003	0.06166956558849826
23-07468,	23-07451,	Pelee_Island	17	0.05241098342631825	0.054278810529642604	0.035847470881025766	0.05744128127829749	0.0021445434242157724	-0.06207862865691349	-0.025911505776152616	0.03626436385388142	0.030190762733430673
23-07469,	23-07451,	Pelee_Island	18	-0.029442390526078707	-0.007020354538082209	0.0153738975703318	-0.023419969199422463	0.11322511720787456	-0.03783888492957682	0.0665362125504661	-0.010704634903130878	-0.028412559659247678
23-07470,	23-07451,	Pelee_Island	19	-0.03239438570809844	0.008179412949295011	0.003128581968650587	-0.031508715829816375	0.0682245843760176	0.05302323626219038	-0.042907301724696215	-0.005891054112661977	0.06238184215274197
23-07471,	23-07451,	Pelee_Island	20	-0.12916475268612745	-0.05022799948817605	0.06352586472597914	-0.03559500073264467	-0.06670479746730387	0.044803352480873006	-0.05025708624738033	0.04489355549648047	0.11379704320915537
23-07472,	23-07451,	Pelee_Island	21	-0.016643225782657273	-3.4486934925862363e-4	0.04366299256945355	0.016095638919604555	0.10100261542085585	0.03397867694556127	-0.03755353931306303	0.028338185728425308	0.02206069494981637
23-07473,	23-07451,	Pelee_Island	22	0.07761412127460665	0.05595913720106599	-0.05349508224694546	0.04366854868118716	-0.019329655531022553	3.2927134032495475e-5	-0.031334633475183726	0.09028799520185139	-0.01836065946681481
23-07474,	23-07451,	Pelee_Island	23	-0.10837615242109586	0.029949884365073714	-0.03165680699749459	0.03461494589209838	0.005369840197026311	-0.011668900306708224	0.10880711370775215	-0.046740423843063914	0.056814863626927725
23-07475,	23-07451,	Pelee_Island	24	0.02011060867267827	-0.09270561946584764	-0.06456736609723937	0.020398438524883575	-0.047907579174892405	0.07526753857514767	0.010644103617515721	-0.03808829223023644	0.0037081926550598665
23-07476,	23-07451,	Pelee_Island	25	0.05000253488941506	-0.009440030122386775	-0.0026149825642173418	0.027607199748151	0.10003676051452916	0.03702883136865276	0.0279335840415037	0.028292929628143688	0.0030381238444359623
23-07477,	23-07451,	Pelee_Island	26	0.06917075566391478	-0.038688835661360436	0.11612613304866322	0.06571198409411416	-0.004387955171168653	-0.07290807310051904	0.010763767632308019	-0.03341635075022931	0.011317853026608427
23-07478,	23-07451,	Pelee_Island	27	-0.0012582638130201158	0.07230947602913644	-0.011554586400134442	0.07395426046506966	-0.05468026847266733	-0.006673335889934684	-0.06556784962338949	0.11129498824598447	-5.324069286510857e-4
23-07479,	23-07451,	Pelee_Island	28	0.09020174766952166	-0.06644925025801876	-0.014461926810836193	0.04966659938009169	-0.07724216889383821	-0.07384165082914357	-0.026705287218106416	0.019302168985932067	0.05269793481109786
23-07480,	23-07451,	Pelee_Island	29	0.0046056175875661375	0.021506719835499576	0.023573985418079802	0.028400147470766062	-0.008790573713971335	0.05714748654998574	0.006660975184841683	0.006780136721640517	-0.04956291847319272
23-07481,	23-07451,	Pelee_Island	30	0.02112625454712944	0.04022408900540254	0.012581284663888246	-0.055327577721973796	0.04165020252777682	-0.09831940792140861	-0.04797994867160412	-0.010595016690400055	0.024309125546753074
23-07482,	23-07451,	Pelee_Island	31	-0.059935075999207284	-0.003382810880424222	-0.060218980094849446	-0.0037896836643757184	0.0467060870961034	-0.03519093263167642	-0.07701387232745743	0.029122529534024194	0.029169725458225052
23-07483,	23-07451,	Pelee_Island	32	-0.07303543973710702	-0.03815059173829976	-0.03558862065988617	0.03608703784093612	0.007219519467553527	0.08959232350744288	-0.06921750368911979	0.008836920025458661	0.06821714636259871
23-07484,	23-07451,	Pelee_Island	33	0.0644832729510713	0.01545687038187977	-0.02353544059468268	0.06944569604469718	0.012349352971285841	0.0015938435639361332	0.08273075123061495	0.04800536412315004	0.05793721913427646
23-07485,	23-07451,	Pelee_Island	34	0.05281647048587586	-0.09997660274933565	-0.03225451594523747	0.0352374773659954	0.07247289782619241	-0.06576870137420425	0.0541886205426516	-6.00549022629196e-4	0.10167046130440605
23-07486,	23-07451,	Pelee_Island	35	-0.025055788802453672	-0.07310749407897245	0.10365994932290946	0.03810737994544074	-0.028926232265891607	0.05159876924690175	-0.08103969864728863	0.07448429278838505	0.0080203327196592
23-07487,	23-07451,	Pelee_Island	36	0.08776653302380615	-0.052023750886146386	0.029780978846006913	0.010153936371630586	-4.9409908867146386e-5	-0.03839185191048118	-0.1104500777002603	-0.039381702959885384	0.004816732360397834
23-07488,	23-07451,	Pelee_Island	37	-0.11432449384029937	0.02747096706313599	0.05820749549078852	0.06301008118952922	0.03708820093915783	0.039824415969343566	-0.04791397866071669	-0.013284800638609998	0.01137466700053224
23-07489,	23-07451,	Pelee_Island	38	-0.05057107508644698	0.05495492905422379	0.027739466953818723	0.09517796736367014	-0.047155857655171586	0.00854872022689274	-0.05527133723850533	0.08631084077352855	0.003350121623361268
23-07490,	23-07451,	Pelee_Island	39	-0.03649652779746059	-0.042803364505435156	0.059606664703096744	-0.05543758630370237	0.013150436411137343	-0.0549171864418178	-0.06419589143075642	-0.08338240021813503	0.03949311484709843
23-07491,	23-07451,	Pelee_Island	40	0.026900042931144993	-0.011674431164787013	0.037952154540980935	-0.08940175690128825	0.09568493394533821	0.08329447039499774	0.03803936778147839	0.011910120905160616	0.12491782164525082
23-07492,	23-07451,	Pelee_Island	41	0.03537375536572104	0.01574552006103737	0.09270263453301385	-0.010013688367857085	0.1257507422740421	-0.041703123658587256	0.07026444534677956	0.009870297527381968	0.0021120798724488426
23-07493,	23-07451,	Pelee_Island	42	0.05842620664985647	0.03407182328187495	0.09536262765822051	0.09590713080968069	0.02578405187090234	0.013705678250755849	0.12141313926477787	0.0035079984753952458	0.07967478550649942
23-07494,	23-07451,	Pelee_Island	43	0.08079539511333522	0.07535562512196665	-0.08588423452581412	-0.008761614765820418	-0.03462521978916852	-0.07396511866311817	-0.07781169268956362	-0.007836779037716988	0.010159492872414553
23-07495,	23-07451,	Pelee_Island	44	-0.025699763502536464	-0.04974306635160504	-0.07368002071958399	0.05876787080454359	0.002343629701519503	-0.05253887594666326	0.01849094935095938	0.10486331971326936	-0.005130528944607415
23-12172,	23-07451,	Pelee_Island	45	-0.05954364034930412	5.468137996278955e-4	-0.09784156316192728	-0.014530798152447778	-0.04107699536221763	-0.046134278960427356	0.049854271761607866	-0.038680806144998275	0.028994655802701018
23-12173,	23-07451,	Pelee_Island	46	-0.019755834809817907	-0.001162847393493077	0.0437684601086786	0.026828760398427496	0.03883099537208684	-0.03800567759406638	-0.0041686048368275355	0.05276473137094721	-0.03588034664559986
23-12174,	23-07451,	Pelee_Island	47	-0.12789991609288276	0.04278665153115661	0.08464252833192852	0.06028045373956124	-4.146570359811888e-4	0.04373245774714133	0.02975555643486976	-0.05919430425769685	0.09707064902699004
23-12175,	23-07451,	Pelee_Island	48	0.006676613759434431	-0.07877499350381426	-0.0456937794988182	-0.06690837063865918	0.0017734565440950486	-0.04071778061318302	0.04849430968709649	-0.027820056435059557	0.07631240921793164
23-12176,	23-07451,	Pelee_Island	49	0.05781008979669009	0.08782004604746531	-0.044935349333074553	0.0014947556355424105	-0.026083638479649885	0.042136407991043075	-0.054410592764694794	0.020500233726806878	0.0884527965947552
23-12177,	23-07451,	Pelee_Island	50	0.0235307938838601	0.08381921046598172	0.044670526032848906	0.03692207911404653	0.015988873889417277	-0.017353897946657763	0.07458509381466166	-0.058323399037140074	0.10554457163932644
23-12178,	23-07451,	Pelee_Island	51	-0.03015074293843642	0.08054321288230937	-0.06458491260535194	0.08993340263453702	-0.06614951296706728	-0.058776227459608636	-0.06470657764015159	-0.0038276535765881317	0.13207728224339663
23-12179,	23-07451,	Pelee_Island	52	-0.12629557238919242	0.049966541164223416	-0.0174355384511948	0.03211426739113583	0.045408428491606236	0.010668677688382082	0.01093022620404699	0.11253288581119603	-0.06434326492440368
23-12180,	23-07451,	Pelee_Island	53	0.00882989746832982	0.011785077775815807	-0.08642496553761149	0.001739041610175748	-0.0663287141068826	0.026014012379925865	0.06930431117153678	-0.004790898872572814	0.031110895601477513
23-12181,	23-07451,	Pelee_Island	54	0.04376650716178768	0.0011579358660610995	0.0375218824721379	-0.08686049843594826	0.060758292893276805	0.01361240324461363	0.07140923141099129	0.04046394539690555	0.0876391703488162
23-12182,	23-07451,	Pelee_Island	55	0.04496692301672693	0.015201986923705977	-0.004644330115479142	0.023892910193737127	0.052334985664927614	0.06276638395286835	-0.014572533872563995	0.06355467165093617	0.012599861385195935
23-12183,	23-07451,	Pelee_Island	56	-0.014244708718981123	-0.021141801547103288	-0.06235949053236255	0.014587132619928538	0.06229268963152828	0.08307293642355565	-0.036324979356129876	-0.04101116236357104	0.026425066333569443
23-12184,	23-07451,	Pelee_Island	57	-0.01367207754109244	-0.06978568021183539	0.02037104265665381	0.1006191793001691	-0.07790353857280974	-0.032418065052523926	0.035776243824459215	-0.03485605380811021	0.11102006820742887
23-12185,	23-07451,	Pelee_Island	58	-0.014886251863299081	0.05442735702657652	0.0037786423551769543	0.08290634715647652	-0.05533056940707723	-0.05979704462211024	-0.0031318836839597745	0.0013944776644274764	0.04434652072318253
23-12186,	23-07451,	Pelee_Island	59	0.005440172333787153	0.022763820318662833	0.021835644952750408	-0.0035499562873356955	0.0036284316293061962	-0.07010098050445351	-0.033058727704733046	0.011104529420490498	-0.014992460988247738
23-12187,	23-07451,	Pelee_Island	60	0.0056095852308582625	0.02031241668593325	-0.011735618733425338	0.023147817715732603	0.0092883658807302	0.04903467311834044	0.022414575500327275	-0.026024232430448522	0.07177604270980896
23-12188,	23-07451,	Pelee_Island	61	0.06824872683902813	-0.07773779382053926	-0.011272457509968425	-0.0436090460761514	0.08109734435920658	9.91087902040019e-4	0.03157590603848403	-0.016389651429968767	0.021390874883627228
23-12189,	23-07451,	Pelee_Island	62	0.03381087447146127	-0.0031266513967485024	0.019039126802260078	-0.06187989002251081	0.012088938143823865	-0.07840557073527382	0.025447570018197325	0.021701062118344043	-0.03270969507182359
23-12190,	23-07451,	Pelee_Island	63	-0.13479123414838737	-0.07082560379754871	0.07188013974878701	-0.11734728880857946	0.006234979264360623	-0.06381516281149663	-0.032082893799587335	0.056564462629523	0.06274029769400988
23-12191,	23-07451,	Pelee_Island	64	-0.030248892548936365	-0.05851891771206976	0.07134291902683788	-0.07865920308477903	0.0065341001443076354	-0.04082320865682003	-0.07649611198385396	0.010025290793376662	-0.02247454095394603
23-12192,	23-07451,	Pelee_Island	65	-0.006230709769894046	-0.09837064536991076	-0.06515282972513865	-0.03971048265809111	0.057014169909120505	0.056628806596298535	0.025728925495659298	0.022905528301086116	0.03862939292713294
23-12193,	23-07451,	Pelee_Island	66	0.06718081642966157	0.020762191012897665	-0.022757966301763	0.07461107637179044	0.010682763846922691	-0.03686602518069985	0.023286134322968794	-0.016522364831823223	0.018788678300954043
23-12194,	23-07451,	Pelee_Island	67	0.010650744991435153	0.05892957665270537	-0.039410377933941476	-0.0064676054604013355	0.03460109248340393	0.019868204475289142	-0.0888132523501919	0.0999208422932451	-0.07690729221155551
23-12195,	23-07451,	Pelee_Island	68	0.045291146645982626	0.06538355568803154	-0.04977214869768995	-0.017355714841199358	0.01807440674275123	0.002064116100924119	-0.0433534125626622	0.01955685047922475	0.005311150660576921
23-12196,	23-07451,	Pelee_Island	69	-0.0038121401569441	-0.04562851275697933	-0.0631577824365844	0.024277019841618206	0.0635447526295173	-0.06502579826851881	0.02430168429427354	0.10182133148768774	-0.010533849120469969
23-12197,	23-07451,	Pelee_Island	70	-0.01025749758185744	0.004148497830706906	-0.01858283634190318	-0.03234648853132253	-0.04660935826244878	-0.10095272693205115	-0.1560740603666296	0.0033220027382450876	0.06844324533139877
23-12198,	23-07451,	Pelee_Island	71	-0.005189455023854352	-0.06824841162012042	-0.08328785374832258	-0.05185768431715577	0.03867599077307942	-0.05949253695654771	0.03383843297873243	-0.11742419781230927	-0.0031408607694066726
23-12199,	23-07451,	Pelee_Island	72	0.04274008250330782	0.06013883421028082	0.043276204037276916	-0.056318107584595795	0.05299140413112771	0.02338277108951908	-0.044373107939071996	0.006850910700567543	0.04326075427566261
23-12200,	23-07451,	Pelee_Island	73	0.001080756325064545	0.007280962950324042	0.01302976170725287	0.04822615668088465	-0.051967620797472996	0.05102832727309634	0.008896893760504019	0.02506360147798787	-0.04008494937350296
23-12101,	23-12101,	Maumee_Bay	74	-0.1009079445182534	-0.1312068348924403	-0.08504113300306707	-0.012175380469145276	0.021740375559272225	-0.005609469779491681	0.03871680804650149	0.10310711100804049	0.03160762833636092
23-12102,	23-12101,	Maumee_Bay	75	0.013672414585595021	-0.10845586124177842	-0.020381243642877654	-0.0098448530401165	-0.061993007564585846	0.02229764036843481	0.024697006155082524	0.014620752541971586	0.029089770061610416
23-12103,	23-12101,	Maumee_Bay	76	-0.01968001511495422	0.0043629061032563555	-0.05488092201848574	-0.09122208481128127	-0.08200304125413788	-0.09129352127986905	0.0061070473172801865	0.059746467413936216	0.0158921754392971
23-12104,	23-12101,	Maumee_Bay	77	-0.00256195153717406	0.00784916428637405	-0.054504226451833906	0.03258918023141956	-0.052981478102288516	-0.015687674903768475	-0.08456295016713686	0.08605220611400871	0.08493811298720963
23-12105,	23-12101,	Maumee_Bay	78	0.04407171996996164	0.08178816332344388	-0.003792198247141311	0.0653712011800269	0.03932616745235015	-0.02769455507032258	-0.029539883414667754	0.009675958247351738	0.1159427564430134
23-12106,	23-12101,	Maumee_Bay	79	-0.0208205025949788	0.006925458392147905	-0.07473272030983102	-0.006106088777936806	-0.013388618977685089	-0.10722095646086689	0.023727109139940746	-0.015917438041289603	-0.00510109262185547
23-12107,	23-12101,	Maumee_Bay	80	0.021474722223286016	0.10059833976405606	-0.022397879584992793	-0.007981772475770237	0.054028286640999394	0.012524961403046297	-0.002230064751784161	7.809842410987054e-4	-0.005878022441940497
23-12108,	23-12101,	Maumee_Bay	81	-0.03479822629962513	0.05029939685957519	-0.03529223293254138	0.09991309155783928	-0.013949757618421212	-0.1001991965395607	0.08587156111044225	-0.057663173964503815	0.02694929595166035
23-12109,	23-12101,	Maumee_Bay	82	0.07562949581322251	-0.054329166262928975	0.067016702480654	-0.04283824162059176	-0.03596475708481252	0.014277261348259483	0.004163367788788971	0.07818498230696169	0.04319436946598103
23-12110,	23-12101,	Maumee_Bay	83	-0.06373746144833389	-0.03163036588313759	-0.027028964176418677	-0.0100964939065624	0.021160391012938876	-0.06228900086751448	0.08756037516516008	-0.0027095095323719457	0.06629867538391859
23-12111,	23-12101,	Maumee_Bay	84	-4.349452328992487e-4	-0.007431254632003823	-0.09379003639108817	-0.0634286351571875	0.05027095489688448	-0.12454045527729912	0.02645604846440454	0.07812973391295448	-0.07073818899066688
23-12112,	23-12101,	Maumee_Bay	85	-0.01453833486058811	0.0376224391262968	-0.016825405690956016	0.011331800417854126	0.0485379377708025	0.1119654517939577	0.03786860528623449	-0.04927325955707083	-0.006690961498218883
23-12113,	23-12101,	Maumee_Bay	86	-0.008346611624910412	-0.006137849972433382	-0.008238105346942689	0.0012593750097458889	0.01042795821812983	-0.010314837070101137	-0.10537527984081117	-0.008561217505871854	0.014069080589922098
23-12114,	23-12101,	Maumee_Bay	87	0.08873499186737539	-0.05090177848575053	-0.025427284308285742	-0.033713804189636785	-0.03075377673377391	-0.010986343808615916	-0.018110238572127665	-0.06764761272402528	-0.02839476539508276
23-12115,	23-12101,	Maumee_Bay	88	0.03595614252563669	0.01591155473330213	-0.017170978564896636	0.018843491452397464	0.0647237935010874	0.060782439768759404	0.06780067648792823	-0.04271354208403007	0.015530120658077552
23-12116,	23-12101,	Maumee_Bay	89	0.08460858750500594	-0.0032242262222630384	-0.0156487260951049	-0.013350064986224082	8.678232612930909e-4	0.05825663176300915	-0.07271442776534683	0.08356973689618122	0.11616320944223689
23-12117,	23-12101,	Maumee_Bay	90	0.03671882507243097	0.027659862404753058	0.016932037538788042	0.03029674103502804	0.03467489925231184	-0.06233047500477992	0.052830618030396514	-0.020013491634874918	0.05608147840914958
23-12118,	23-12101,	Maumee_Bay	91	-0.038035871865654415	0.004499014452652256	0.03596691573305171	0.028412025348099165	0.029330225011603216	0.0018534063953497485	-0.08879856668070238	0.023585437401739132	-0.0792220467056704
23-12119,	23-12101,	Maumee_Bay	92	0.08605180511426308	0.02042852728638807	-0.050708630742967664	0.024978147176744833	-0.04333500035841111	0.04019342818048632	-0.02042475761838474	0.032989345520516467	0.06935146268862781
23-12120,	23-12101,	Maumee_Bay	93	-0.07956117163326931	-0.10222863667224076	-0.03876887984667917	0.029782466012744153	-0.04292904768831832	0.05428023660828578	0.020410124304097575	0.14984691067394199	-0.06156365797910712
23-12121,	23-12101,	Maumee_Bay	94	-0.08557367827833093	0.05055109732288197	-0.01659905213727079	-0.0010410769815384438	-0.043525281481913376	-0.06103103193761626	0.07614385522868163	0.10906600802350563	0.007788096277004827
23-12122,	23-12101,	Maumee_Bay	95	-0.01994405529461494	0.10632740260748416	0.05906022914973413	-0.024441565923871506	0.03710299725886041	-0.07543002726757402	0.0855764754788001	0.014604412624209667	0.10030299129726325
23-12123,	23-12101,	Maumee_Bay	96	-0.05075201608007244	0.09401837964086189	0.0967869682487064	-0.05602148827535717	0.05997153608365726	0.07872691486359978	-0.031927004131852794	0.023885359139866925	0.0723055620870569
23-12124,	23-12101,	Maumee_Bay	97	0.05953389916427352	0.005135818984980467	-0.0541254137820184	-0.12449320238390335	-0.07649484452235199	0.0677999802908752	0.043626201201991587	-0.05440875000461698	0.03444218171962948
23-12125,	23-12101,	Maumee_Bay	98	-0.03114043500961222	0.0965055971729959	-0.013293323583347772	-0.003860791899832791	-0.08257829163582239	-1.3056428464913847e-4	0.05350256658066059	0.044049356425632	-0.07333065570676141
23-12126,	23-12101,	Maumee_Bay	99	0.06395539224588641	0.11757635684495389	0.08530142859034623	0.05730626456818578	-0.049723127100338924	-0.027484868814823427	0.03365670010989544	0.03221839431684546	-0.032919241069484934
23-12127,	23-12101,	Maumee_Bay	100	0.06246531855905392	0.09024104085048744	0.06082817374752516	-0.06942806895327878	0.007674990082586005	-0.027342129395998428	0.0012876958894198817	0.08319056038579789	-0.020320527289378023
23-12128,	23-12101,	Maumee_Bay	101	-0.024705356906558472	-0.07717138162428551	0.026990322771520036	-0.11398627371589977	0.010075100278098985	-0.03841901421403006	0.08567797060258005	-0.082818376399675	0.014837304961828134
23-12129,	23-12101,	Maumee_Bay	102	0.020294568328580977	-0.0031420541095198372	0.022411152773376793	0.02693612595200338	0.021659149274994405	0.010802297291486622	-0.038085480324309334	-0.005848228142521405	0.03699953454399197
23-12130,	23-12101,	Maumee_Bay	103	0.011767643081511753	-0.0328806973451131	-0.021045845929573623	-0.03552714296794874	0.047744152827821976	0.012209457858563014	-0.12766515951739818	-0.00483215443063173	0.011597486142669543
23-12131,	23-12101,	Maumee_Bay	104	-0.01245271527572049	0.0718196074724503	0.013625402444924422	0.01785308701344219	0.06974047527522574	-0.006000845137320194	-0.07612873637803738	0.027756873293055775	0.001412104360705553
23-12132,	23-12101,	Maumee_Bay	105	-0.028025440526405723	-0.04609210968583506	-0.039556268012955094	0.0056466536994958915	-0.04552052996995811	-0.11985248057411695	-0.09328312936680905	-0.022620570044110062	0.02360341581345136
23-12133,	23-12101,	Maumee_Bay	106	0.014344704342264814	-0.07148818498688349	-0.03338559340774877	0.015134615786323307	-0.025601087408813224	-0.012644443925149943	-0.051389203655533636	0.0045452606405116	-0.03337055412108422
23-12134,	23-12101,	Maumee_Bay	107	0.05047957166163321	-0.020623140460900663	-0.06031162974444551	0.022241397166064006	-0.009645258141806617	-0.0068424185334167885	0.00224597570521646	0.042218801097273044	0.023498457406646845
23-12135,	23-12101,	Maumee_Bay	108	-0.003998606381486793	-0.01115235946176394	-0.08142573137861298	0.024851128882613656	-0.04948843100604606	-0.05480064561224235	-0.050763844051842574	0.0617745905593652	0.021290751525789395
23-12136,	23-12101,	Maumee_Bay	109	0.017202572315112193	-0.006189978125138641	-0.005134851416356394	0.012765519880324906	0.10757166188460522	-0.00952943114295719	0.10572240700524536	0.07168880029598995	0.10392955710301952
23-12137,	23-12101,	Maumee_Bay	110	-0.01140051328091862	-0.035815650248664656	0.028601353674792915	-0.014777893942035705	0.12588567813591225	-0.0170607298723987	0.007587500209191863	0.08072137244783836	-0.020214963380997535
23-12138,	23-12101,	Maumee_Bay	111	0.06485132396679576	0.05449448110113206	-0.10476212608899085	0.03928177671552066	0.08582861432072651	-0.005031316462272772	-0.03547508030413519	0.03725556792980835	0.020946512902390375
23-12139,	23-12101,	Maumee_Bay	112	-0.1050315955953395	-0.09690435755976143	-0.08655294673270102	-0.025487513880057894	0.01698937316025553	-0.03819294669013654	-0.0013896989232684	-0.004343728041679651	0.05400618538901785
23-12140,	23-12101,	Maumee_Bay	113	0.007953431697127207	0.0036315015681773833	-0.09771244744600417	-0.013541814406680312	-0.01553082508514464	-0.04107025615303774	0.08639831616052862	0.11945324854699117	-0.030956282294278804
23-12141,	23-12101,	Maumee_Bay	114	-0.10287853748997648	0.03820579304592918	-0.06727490697224935	0.022713496618548108	0.08316636058300374	0.053862996301709425	0.05598928140931451	0.04730464614896457	-0.021959762979604863
23-12142,	23-12101,	Maumee_Bay	115	0.05812522129111328	0.04286448054817139	0.16561805673071606	-0.04189159435380481	0.03678225706116947	0.06002835456681486	-0.04299324667287106	-0.017794899127146196	0.06192791517907647
23-12143,	23-12101,	Maumee_Bay	116	-0.026954176276109718	-0.0176501408451252	-0.03284078047258352	-0.0015862200375690136	-0.0845399096029965	0.044950282195566085	0.016165427603219342	0.09477077858935799	0.1914456162368001
23-12144,	23-12101,	Maumee_Bay	117	-0.031638856282495256	0.004052251073551887	0.03935235790703071	-0.042400621051713445	-0.05359584802437283	0.05429885843544549	0.003947574197952357	0.10479773277028079	0.011435133299768037
23-12145,	23-12101,	Maumee_Bay	118	0.04728906283456411	0.08662749771997552	-0.04075982981677629	-0.004425212415425228	0.06253748145604945	0.014923398320643821	-0.043122435358162854	0.007970016603291288	0.08800606135410072
23-12146,	23-12101,	Maumee_Bay	119	-0.025497210066758633	0.05006250258544103	-0.059758440729132244	-0.002230083817503982	0.055819108502005235	0.021779656961626467	-0.12242242817028225	0.02753008666064003	0.0031446399799780166
24-12061,	23-12101,	Maumee_Bay	120	-0.11080035133148063	-0.0441004177553358	0.09618556288157087	-0.05844908267138583	-0.012417873637219306	0.03575839488726962	0.16284087459704544	-0.0238307274847091	0.0771995838376043
24-12062,	23-12101,	Maumee_Bay	121	-0.011153003854424167	0.09010146544346724	-0.011048656972514947	-0.12575698940401206	-0.16989813861607006	-0.057360474382449886	-0.020768794740976232	0.0636842998096754	-0.05723076755173618
24-12063,	23-12101,	Maumee_Bay	122	-0.012834770158504176	0.07049944860525237	-0.018539553895693922	0.06359468551963819	0.05422373152887939	0.10957985845482801	-0.039826199525039366	-0.0994287586132835	0.02737632937184952
24-12064,	23-12101,	Maumee_Bay	123	-0.010112714248148278	-0.0802089259579503	0.16669754085027097	0.0012377270676583584	0.04848603827635016	-0.0053386012241099364	-0.05175473234678258	0.025830043029663997	-0.09880664759744998
24-12065,	23-12101,	Maumee_Bay	124	-0.02047428920474715	0.015445250832893989	-0.04380424424167845	0.0326344883184427	-0.09787134062921328	-0.02864211441094575	-0.03947886937574435	-0.02606980761539891	0.054072280967403824
24-12066,	23-12101,	Maumee_Bay	125	-0.02626401860581422	-0.03691830691703783	-0.057010754057242055	0.06461348280463494	1.4043461531504527e-4	0.08800932651511768	-0.06583741303882308	0.08365038540827012	-7.621715453525538e-4
24-12067,	23-12101,	Maumee_Bay	126	-0.007470150297232539	-0.003867254744937727	0.016907348355781577	0.06199715905721857	-0.06514429837849205	0.02308742845907721	0.007555850407292916	-0.03640613215303979	-0.016447260332124986
24-12068,	23-12101,	Maumee_Bay	127	-0.10808349881829112	-0.016645694856916544	0.07307362808903924	0.021369440373808696	0.07846936168149199	-0.03132757109898638	-0.008807801830644071	-0.06492507311565307	-0.044889377815708564
24-12069,	23-12101,	Maumee_Bay	128	-0.018130434350707526	-0.03137751167217276	-0.10302008742760997	0.03806525844275914	-0.022170972616215066	-0.03053867971978811	0.014810276723679504	-0.0016476507326166692	-0.043448380852631786
24-12070,	23-12101,	Maumee_Bay	129	0.013355890227799833	0.02043564582194279	-0.009266180682557277	0.07195112696464896	-0.007259540518016157	0.029730292535453156	-0.028552198779654887	-0.043430233131439885	0.009659510852839188
24-12071,	23-12101,	Maumee_Bay	130	0.005759512031537145	-0.08757013907088	-0.0013867533091602925	-0.09021116043666232	0.018051013471476533	-0.14082911765258044	0.009037110038956873	-0.015579279373381737	-0.09512060851303282
24-12072,	23-12101,	Maumee_Bay	131	0.021570616522358418	0.04282142474813486	0.0037419278220989565	0.03223735253324654	0.05346690675703924	-0.03231079404043978	-0.0039205763570517565	-0.01925201327386114	0.026035343488973343
24-12073,	23-12101,	Maumee_Bay	132	-0.1030000523142183	-0.016223189102919113	-0.034813971554674625	-0.009621285321662629	0.0819218426604875	0.04213564969523236	0.06283974624729943	0.056113021755038545	-0.07246316706041378
24-12074,	23-12101,	Maumee_Bay	133	-0.11213942021945444	0.026624039036763254	0.027526851325202353	0.03189984144510493	0.024764251957075406	-0.03808205114984389	-0.07876071987706908	-0.012744971450344214	-0.04873356630838556
24-12076,	23-12101,	Maumee_Bay	134	-0.0185046785585141	0.025071975933594035	0.01647550999722211	-0.01756115636562367	-0.020469010052614645	0.010814266494213057	0.019440695491777755	0.002215924088110187	-0.006740984951189848
24-12077,	23-12101,	Maumee_Bay	135	0.0058334767343982815	-0.006065525327693266	0.01771719031810527	0.11323588409108365	-0.05734521452404472	-0.021223253738409865	-0.002582689619567577	-0.08654025725052206	-0.03504320305024602
24-12078,	23-12101,	Maumee_Bay	136	-0.018347455114262366	0.028195694343884425	0.05894158560690031	0.0041675560903537915	-0.08436826258672679	-0.03226938653393583	0.04254091009316973	-0.01611817701178169	0.0035144086824096046
24-12079,	23-12101,	Maumee_Bay	137	0.032007551242804945	0.06747261765415463	0.036058693275943944	-0.08834859951438744	-0.07637671666013705	-0.02212914101652369	0.1011610589724674	-0.019150740138935488	0.002369563330016783
24-12080,	23-12101,	Maumee_Bay	138	-0.010082137538558083	0.04407523282390221	0.03857302478925759	-0.060146722571738205	-0.07036439802771122	-0.01475559922964725	0.12199251919288039	0.0027418227056675154	0.022077536915314576
24-12081,	23-12101,	Maumee_Bay	139	0.0034818440052001255	-0.011804559941361946	-0.06183689072617487	0.10358307223033424	-0.049787239405531994	0.019406561273500725	-0.09494549126336818	0.09312655025719525	0.009005454100386629
24-12082,	23-12101,	Maumee_Bay	140	-0.11727100067547121	0.07407349493025553	0.08248189346546833	0.027350706814017633	0.04295937184588598	-0.10235430478174043	0.026473746088223043	0.024577955968616318	-0.04721134087221988
24-12083,	23-12101,	Maumee_Bay	141	0.05643084127283449	0.08023429968859756	-0.021573555189266198	0.01156396754244597	-0.008131521526963859	0.00482953078335387	-0.008161463349317517	0.11813952415568126	-0.03500211456567694
24-12084,	23-12101,	Maumee_Bay	142	0.03136783028346996	0.07123199779459424	-0.017407390882831	0.023005480481964886	-0.006881762650550314	-0.005588428865088735	0.036326286529926734	0.05981705840493455	0.02107182746178156
24-12086,	23-12101,	Maumee_Bay	143	-0.05192735252878467	-0.019814307813237186	-0.09299167112339345	-0.07965130131955808	-0.0026882968088788174	-0.07020435104587915	0.09449138504830895	0.01742139282002546	-0.03465560881363538
24-12087,	23-12101,	Maumee_Bay	144	-0.042503602778440765	-0.0723639177904873	0.08443838966345063	0.028142988495286583	0.01703097643402747	-0.08988768737199336	-0.02426280531378375	-3.9356406844574983e-4	0.003578253673717947
24-12088,	23-12101,	Maumee_Bay	145	-0.02299792634245428	0.023829189788915992	0.025205167246837343	-0.04649595888690634	0.07375201716825852	-0.06775256665537228	0.0087555138603105	-0.015878949984810126	-0.05784129392077955
24-12089,	23-12101,	Maumee_Bay	146	-0.031155837275636814	0.029134774949397937	0.008723484174510299	0.009703531512924048	-0.044120904781336144	-0.014826495817110017	0.025385257372972557	0.003242472859784174	-0.02381151911249189
24-12090,	23-12101,	Maumee_Bay	147	-0.032679911055552686	0.016731867399095303	-0.031009070952793098	-0.011691744612082243	0.008457805739576996	-0.006541415632173843	0.08498832066119488	-0.00992579933598218	-0.02677022063608049
24-12091,	23-12101,	Maumee_Bay	148	-0.03189334072962329	0.09321479912822028	0.0031383686570495657	-0.06561410523450327	0.0960898550991039	-0.09699118783483206	-0.008168782837090372	-0.028498021601421515	-0.05897182916900982
24-12001,	23-12101,	Maumee_Bay	149	-0.1270111522330478	0.06417411119787063	0.02782005677574638	-0.010884253475991692	0.0905873342694414	0.11381453318007359	-0.0774094087226168	-0.11461312888367928	0.0020046651783968217
24-12002,	23-12101,	Maumee_Bay	150	-0.08772285507980575	-0.060340327791943676	-0.0498885235691908	0.01056409104080471	0.027352737474450623	0.0765119790271079	0.015597712048163717	-0.01853548763628171	0.09742487120691351
24-12003,	23-12101,	Maumee_Bay	151	-0.014004590909074128	-0.012036191532930673	-0.09592395420174128	-0.08511832442270392	0.09557665345147028	-0.06946238117679004	0.0650740077177196	-0.014738876470924957	0.025835634562055038
24-12004,	23-12101,	Maumee_Bay	152	-0.01955799175408054	0.013046314480067421	0.03808704067507771	0.03962593537702583	2.1461946995800438e-4	-0.007717815515529077	0.015167928955651005	-0.03842557815856601	-0.06249169802971931
24-12005,	23-12101,	Maumee_Bay	153	0.016002402873274365	-0.09525906674073456	0.0055655376458606685	0.019109212439341296	0.07180909689536244	-0.06807346441589825	0.10067205177093272	0.03946072697884554	-0.11845010685732474
24-12006,	23-12101,	Maumee_Bay	154	-0.025269465101464043	0.02070394118583177	-0.028079394810475736	-0.1147406722036896	-0.02076863832122392	-0.08359467235138424	0.014097074747195213	-0.020948798100876177	0.099902294194186
24-12007,	23-12101,	Maumee_Bay	155	0.06463706142554693	0.0011039753594765942	0.030649768140724454	0.015155377030742156	0.016799691210815086	0.0031275866042760458	-0.026765988007583258	-0.06529674069725991	0.019091068178255642
24-12008,	23-12101,	Maumee_Bay	156	-0.001664145603591351	0.03580419794216705	0.04192048847020846	-0.002785774837437386	-0.05317820795417851	-0.040440551685703804	0.004406294470452299	-0.003612664925848736	0.014631012045462185
24-12009,	23-12101,	Maumee_Bay	157	0.05452785348716645	0.018096822937252937	-0.03789033279801757	-0.07147914485509872	-0.0328427735224289	-0.05199336265225617	0.05563314651667689	-0.10822292099323458	-0.036462498700464384
24-12010,	23-12101,	Maumee_Bay	158	-0.012670120530717031	0.0094762131848782	-0.05854821653067304	-0.03648661817708547	0.035076239966752965	-0.05417877139293432	0.022627188713703623	-0.050608164360411365	-0.08304588743523827
24-12011,	23-12101,	Maumee_Bay	159	-0.017077492385333952	-0.06732864224061375	0.02963028919439277	-0.0324322700134813	0.013254792645061107	0.05540972891965375	0.08187425421947121	-0.049434277777981886	0.05258637386076136
24-12012,	23-12101,	Maumee_Bay	160	-0.09028394676395746	0.05012711454768884	-0.09443801520839896	0.025639224322501118	-0.05312267273093828	0.006395731149126611	0.025550788798427093	-0.010845448460343236	0.033158574129973174
24-12013,	23-12101,	Maumee_Bay	161	-0.01887639911081243	-8.468423092398565e-4	0.07692912419296245	0.18335517732509624	-0.020322376573913926	-0.006966229997544163	0.08729158080099801	-0.010817294701444387	-0.00929216033362517
24-12014,	23-12101,	Maumee_Bay	162	0.06890400100641295	0.0458856828072331	0.015060180279237664	-0.0021407129950945544	0.027632645405982124	0.04003864913411819	-0.03945432413938285	-0.058284238917147194	-0.10011439563739132
24-12015,	23-12101,	Maumee_Bay	163	-0.07245246193986322	-0.09930764055356275	-0.07993386098794814	-0.005749526819612452	-0.042985911122333326	0.06358390398879575	0.02287274976656649	-0.1352396163325506	-0.026865951215689098
24-12016,	23-12101,	Maumee_Bay	164	-0.015833647987732558	-0.05006252628595496	-0.03361107719148666	0.04606810907988001	0.04597656758581704	0.08431575179934117	-9.06641312872717e-4	-0.08038618495163612	0.008293645894400648
24-12017,	23-12101,	Maumee_Bay	165	0.04458885090811079	0.0696526155902797	-0.007955464084423826	-0.029283895729151622	0.10179172496884396	-0.002247566124837736	-0.0539929797356191	-0.05039741960109998	-0.03299700543067351
24-12018,	23-12101,	Maumee_Bay	166	-0.07826512746429422	-0.027437014369433587	-0.1015066442109731	-0.052048460040266295	0.0381106195494776	0.010421402379485427	0.012859863520825158	-0.021602403832766393	-0.0044948819555416806
24-12019,	23-12101,	Maumee_Bay	167	-0.08176149444394074	0.08094606318649371	0.02204485358892442	-0.1094450375167851	-0.07179924859090132	0.026834848131907653	0.05627682526938668	0.019228656782774668	-0.003186881988824341
24-12020,	23-12101,	Maumee_Bay	168	0.001117270965066356	-0.03296910806164268	0.03089838899134649	-0.005789618792295471	-0.05213764610464969	0.026762781042805436	-0.00651778155709278	-0.11347671540440676	0.0044257947176906225
24-12021,	23-12101,	Maumee_Bay	169	0.06499031623576908	0.031291263584032114	0.04957714733545146	-0.08668814446047972	0.04784512736872403	-0.023254706729227005	-0.08323984666108113	-0.08434832813597465	0.01023248944397663
24-12022,	23-12101,	Maumee_Bay	170	-0.10573867975496537	-0.0414511843403428	0.12301984538505358	5.246892546101065e-4	-0.05491188070697195	0.052628797512055805	0.05592953826751291	-0.039848269480115585	0.023440412981591056
24-12023,	23-12101,	Maumee_Bay	171	-0.019604202137973845	0.07251079031893654	0.013551820005532438	0.0546121027169371	0.06080781917657995	0.015554621039556784	0.09319638593481014	0.07001100763266457	-0.05521888502088822
24-12024,	23-12101,	Maumee_Bay	172	-0.03148808302143906	-0.012555099073880027	-0.04154796759236971	0.004500263003297006	0.010747558293035293	-0.004007098906763028	-0.06575371245132727	-0.0022288988036893685	0.015090019055418333
24-12025,	23-12101,	Maumee_Bay	173	0.03368778384426854	-0.07656767456056111	0.01051857412920654	0.04871481411544135	-0.0675302285000623	-0.05962161974324466	-0.03150274769640196	-0.023003785725627425	-0.0374164061043672
24-12026,	23-12101,	Maumee_Bay	174	-0.10333386218431048	0.01405851383985782	0.03939979763582899	0.02211856857185486	-0.01720610345621595	6.601090487896068e-4	-0.10742442553487687	-0.019248331339837756	-0.11247559993279227
24-12027,	23-12101,	Maumee_Bay	175	0.06552180210337	-0.08579895065338664	0.026697657750564457	0.041183435875900495	0.005900397180871379	0.05018650109002529	0.0734563187517458	0.04214771281871758	-0.04930650414024104
24-12028,	23-12101,	Maumee_Bay	176	0.052638037950640905	0.0070662560368664135	-0.05004625662976384	-0.01882722132817398	-0.04461845246222557	-0.03797269540933652	0.004421005748557338	-0.011972537059654696	-0.04824355723212466
24-12029,	23-12101,	Maumee_Bay	177	-0.02868930464870946	0.02426880229324644	0.12659523203178066	-0.023120516875141037	-0.02790162242764197	-0.039211720801844055	-0.013185882310012075	0.09179548109583432	-0.054780219631210346
24-12030,	23-12101,	Maumee_Bay	178	-0.005930649203802617	-0.10100437042126374	0.029256629438168563	-0.021990683441056168	-0.12748426184704081	0.0424066480960201	0.014433935135033167	0.10663527158866123	-0.10624457151332208
24-12031,	23-12101,	Maumee_Bay	179	-0.0217111982040358	-0.00470581994772276	-0.006953936069450975	-0.04462453398564891	-0.08711858280168233	-0.02748947513837307	0.03612417920573833	0.03665943191871933	-0.0655093315980101
24-12032,	23-12101,	Maumee_Bay	180	-0.020144356732032243	0.08900848758731764	-0.12491239068757287	0.025883827450285987	-0.02798721380528721	0.06786104108930915	-0.01566083656495379	-0.14014286279127114	0.024993048741985425
24-12033,	23-12101,	Maumee_Bay	181	-0.04267342434237885	-0.029444136696023072	-0.0753362392926656	-0.06669966432373106	-0.00526457232802515	0.06227666173118555	0.07219021005737607	4.34092043701758e-4	-0.03160639722455315
24-12034,	23-12101,	Maumee_Bay	182	0.07562569914411352	-0.003482551423057688	-0.021925884306987494	-0.06859253005336781	-0.0547995431859262	-0.015748025494547485	0.010488126929398755	-0.010266014301717884	-0.026727130831071606
24-12035,	23-12101,	Maumee_Bay	183	-0.03268649820114569	0.06377949727753689	0.06955175560232803	-0.0101609201803875	-0.0217904898966674	0.09676240072988361	-0.05180171968774108	0.05626543166270162	0.06768873940126528
24-12036,	23-12101,	Maumee_Bay	184	-0.00727801835639915	-0.06103672040480858	0.07739028381961735	-0.050419724400534854	-0.04140760193689666	-0.027664370111979662	-0.06606014435585976	-0.04046832626687446	-0.10818930909787976
24-12037,	23-12101,	Maumee_Bay	185	-0.035330782751569416	0.011023602258904634	0.07549788314699114	0.050789423719138305	0.04385785348527111	0.06333444935414746	-0.027909845241881323	-0.02231589817243686	0.09207332802778713
24-12038,	23-12101,	Maumee_Bay	186	-0.013626964141290556	0.07109139153731124	-0.04496274654813968	0.04633394537742658	-0.07003371550368905	-0.005059397228909971	0.08058817087579531	-0.03994940009886937	-0.13333434974123654
24-12039,	23-12101,	Maumee_Bay	187	-0.0538408532758445	0.05278426091062075	0.027365123039444827	0.0035932176080577145	-0.04812713807355723	0.005335778407691042	0.04587696925132061	-0.012555472558486784	-9.416483697289686e-4
24-12040,	23-12101,	Maumee_Bay	188	0.06262160629776932	-0.08280655420599767	3.5158052022771924e-4	-0.06324565455447896	0.02805590957284509	-0.0622886411506025	-0.04516896455735777	-0.019255281808016975	0.08758186262460152
24-12041,	23-12101,	Maumee_Bay	189	0.05310774728853824	0.016460403566159635	0.03678711852957343	-0.009485225988473399	0.013369257252908886	-0.014159338930309202	0.024198054624747965	0.07933068620910143	-0.06829011004929471
24-12042,	23-12101,	Maumee_Bay	190	0.05308688307272982	0.05737952164753411	-0.10308236113617891	0.05613327782763515	0.0015341812175072207	0.04538685699763707	0.004962164941005315	0.026655359279691697	0.006019690718069782
24-12043,	23-12101,	Maumee_Bay	191	-0.1437238613611821	0.10670712706786568	0.03783049655855738	0.03198116333904629	-0.016758350191092192	-0.00660223898871978	-0.07453917110389098	-0.10886370530986261	0.08716228168977148
24-12044,	23-12101,	Maumee_Bay	192	0.04227090753980589	0.12233928482993507	0.033108999252259755	-0.028474411624839765	0.04570353154008942	0.026083878552530502	0.11146691718443642	0.0553120033520513	-0.08886188107325547
24-12045,	23-12101,	Maumee_Bay	193	-0.019315857341482293	-0.01849168510851855	-0.047199296812465104	0.06374688633839952	-0.0575197214157623	0.08284232377303279	-0.037259793554596576	0.046514483698197176	-0.04929946329513549
24-12046,	23-12101,	Maumee_Bay	194	-0.021065077964739616	0.031486700005167574	0.03009263313389748	0.01246615989135555	-0.11240512468194744	0.049665839938358665	0.022047861443667306	-0.002437740463765919	-0.04720534807264667
24-12047,	23-12101,	Maumee_Bay	195	-0.0029847357197437096	-0.008618593466957874	0.03254555468547925	-0.029959345979790105	0.1107130967220549	0.002986139405248798	0.019303515256091672	-0.0052640856014740806	-0.03145630699405681
24-12048,	23-12101,	Maumee_Bay	196	0.08263532172969312	0.08963353745384277	-0.03346524729973697	0.031435257816481356	-0.04299869089891063	-0.02162933057151746	0.036438488458999475	-0.06446775802026153	-0.035258785040825316
24-12049,	23-12101,	Maumee_Bay	197	0.07732363103218536	-0.09742474352598972	0.1116386944225302	-0.1127964698253911	-0.020914413642019937	0.1557988324639407	0.032649339120742076	0.04936909763441892	-0.0013590533696916964
24-12050,	23-12101,	Maumee_Bay	198	-0.039195866715121014	0.011662059934182149	0.07460187479510959	0.026167744428069777	-0.046209943590722044	0.18680314969560363	0.11576062802247543	-0.019876860889504307	0.017949172188002648
24-12051,	23-12101,	Maumee_Bay	199	-0.011767062660368135	-0.05253656331875825	0.03591189238265897	0.06704947037474027	-0.10121799582826164	0.08310049226023951	0.057388108868016166	0.00929750256768918	-0.05837531812067988
24-12052,	23-12101,	Maumee_Bay	200	0.08161145701546002	-0.009985272421018529	-0.04489926195850667	0.04124024880802941	0.01709807672562864	0.024924549312371785	0.007737459736804621	-0.06237618929066667	-0.059219611127587474
24-12053,	23-12101,	Maumee_Bay	201	0.0282366358768135	-0.02626874037282378	-0.07770082683743883	0.05187485168172558	-0.11404553353601878	-0.07712318119093127	0.05594701121156344	-0.05514521009088341	-0.015967220930155176
24-12054,	23-12101,	Maumee_Bay	202	0.04803340479538315	0.018553394047355655	-0.0057281466491507955	0.014836544657047842	0.0800004521793451	0.039480778529411065	-0.0066264118790233875	-0.06136655543170484	-0.04964113571051104
24-12055,	23-12101,	Maumee_Bay	203	0.05790179476393253	0.049336360195956025	-0.03747532593353474	-0.029164271161997088	0.08607255534908805	-0.029863103234994172	-0.06422693929610311	0.015968831222492583	-0.008167406838510503
24-12056,	23-12101,	Maumee_Bay	204	0.06312488874199526	-0.08106516234316034	-0.01958344035424338	-0.0026369112926821585	0.005411411000244064	-0.02871634933020354	0.014537737816443895	-0.024891467039836645	0.05455711090717106
24-12057,	23-12101,	Maumee_Bay	205	-0.03399192941310878	-0.05721586157039774	0.041757489542788594	-0.0549584394895456	-0.02270198511604476	0.010991391517473699	0.07946395649568755	0.0024067917036350445	0.005409542738787558
24-12058,	23-12101,	Maumee_Bay	206	-0.014003248165578469	-0.043463408300709945	-0.09519296647823518	0.01400938574168058	0.01815465835714549	0.022872424269652386	-0.027735941065890654	0.08258935937573281	-0.015561937931852426
24-12059,	23-12101,	Maumee_Bay	207	-0.025405644847460798	-0.050697076076165346	0.07685299445162881	0.06803600140966516	0.036841279198472396	0.03418817840091461	-0.050693902326427336	-0.0362573935245415	-0.002152493004665577
23-12147,	23-12147,	West_Sister	208	0.08458061690272357	-0.018579556621420225	0.013029164251404369	-0.04224089746203516	-0.030190497037743937	0.012033369103788051	0.00853664609815367	0.05930832827479166	0.046861188921260136
23-12148,	23-12147,	West_Sister	209	-0.0407609481680039	0.032603765435324485	-0.03145956674591295	0.030847778494962275	0.02950586626566719	-0.05202931178083904	-0.07532809609008918	-0.019457545572069412	0.07259228482938376
23-12149,	23-12147,	West_Sister	210	0.032487285030197696	0.10747627410433816	-0.05413553271015379	0.09778894234807374	-0.02802408466347814	-0.020693968232926026	0.1037748055319646	0.03210797248257387	0.03596237421374079
23-12150,	23-12147,	West_Sister	211	0.03679290789978391	-0.02162229273115814	-0.055639759205614085	0.0447009035927213	-0.02524659809841677	-0.0015674722913742228	0.004988550347720169	0.06295961506369804	-0.01769457535150593
23-12151,	23-12147,	West_Sister	212	0.04097769525536968	-0.06810039307831679	0.02671247077354088	0.00270006850221719	0.07291964420968215	-0.06298948911801514	0.05380787496386574	-0.06904438732408141	0.04086142203293511
23-12152,	23-12147,	West_Sister	213	-0.017990430129795947	-0.029903627787929436	0.10447311644123035	0.019581169146155496	-0.04007292896052203	0.009552768865668805	-0.0045970387926821425	-0.01748085602331469	-0.01812628559390152
23-12153,	23-12147,	West_Sister	214	-0.020771125033149082	-0.07192806241221342	0.10170281645278006	0.031012511767388458	0.04391367296624224	-0.008974543216641623	-0.020267631823621412	0.07336861392405088	0.019687855955198157
23-12154,	23-12147,	West_Sister	215	0.05515233436108861	-0.07379154791417591	0.13694220267138513	-0.09624821528519688	0.02268126765338633	0.07100354760188479	-0.006822785465418482	-0.008335571843848935	0.043490980589717454
23-12157,	23-12147,	West_Sister	216	0.03142011903302495	-2.2423303699862105e-4	0.06028527728367167	0.010527306467926805	0.07088123923303176	-0.06780477896423129	-0.0502644357766743	0.1054722127864561	0.07705156001066604
23-12159,	23-12147,	West_Sister	217	-0.0728037948488211	-0.06084968488486126	0.012585049941549438	-0.034089157507905456	-0.002954706757759153	-0.06226659101622833	-0.13743379102885667	0.009938580348554063	-0.03745085807480141
23-12165,	23-12147,	West_Sister	218	0.015538032545907915	0.011835494705411315	-0.01533213161633641	0.044017964378745646	0.027901503319963945	0.09318547275345809	0.03347828841396394	0.029263936712243255	-0.04326080514456553
23-12167,	23-12147,	West_Sister	219	0.038698910805044576	-0.05683062846095027	0.042737715060287715	0.023291035526790124	0.012956645701974025	-0.061792804309267	-0.028347469268074178	0.009537470561722213	0.09091399643032912
23-12168,	23-12147,	West_Sister	220	-0.02598635675942751	-0.007285711747275554	-0.06926392189314937	-0.06313542310780666	0.0037927171493280045	-0.1225994838529559	0.08861071035012842	0.08413482377722445	0.08384838385484938
23-12162,	23-12147,	West_Sister	221	-0.009067598009749748	-0.09807963634724214	-0.0391213612193451	0.007795252100769508	-0.006158619212233262	0.003932385603138302	-0.049516390392424496	-0.04370958146118141	0.06787766894595916
23-12169,	23-12169,	Detroit_River	222	-0.061346276732188135	0.06303935062413205	-0.07062130630742729	0.006120607037797656	-0.01039929548938559	-0.03992484578909938	-0.07300274068789801	0.05935780186990665	-0.04611707468716513
23-12170,	23-12169,	Detroit_River	223	0.02722517166945386	0.09811731996853164	0.07267872234094351	0.01374257188311116	0.04243099758716156	-0.03026115968348609	0.055463985929405074	-0.03991585328427876	0.039621351100750365
23-12171,	23-12169,	Detroit_River	224	0.08583943030100588	-0.07995218931603362	0.04224036379159365	0.03822387302909778	0.030845638251168307	-0.0551103218561195	0.03280458510308195	0.07687014264410127	-0.02707768680129874
24-00907,	23-12169,	Detroit_River	225	0.0966432794213676	0.03601078741913127	-0.04063107443909483	0.011818106737176206	0.06610614646865634	0.041370883388689265	-0.08154171157106148	-0.04272104471479028	-0.028089598046815857
24-00908,	23-12169,	Detroit_River	226	0.10132441685298188	-0.004238414180911107	-0.0392623728490912	-0.01320915826819446	0.0032714882800723905	0.017288221207910626	-0.07662449625946359	0.03336113929153966	-0.0924791578966037
24-00909,	23-12169,	Detroit_River	227	-0.062386148294418665	0.05457144886050843	0.023165346141783644	-0.040366123745435134	0.022936996335193794	0.027540086584215237	-0.0773682755065419	-0.04581599263176554	0.0012277375749908158
24-00910,	23-12169,	Detroit_River	228	-0.00314544611066442	-0.0022713766150195018	-0.056296194778786945	0.013138927423594172	-0.055502701517914435	0.04977754165262452	-0.10474916385694004	-0.08020237659125849	-0.14386223050951014
24-00911,	23-12169,	Detroit_River	229	-0.006546994846202445	-0.10569353433220642	-0.06396287972856696	-0.04556385844477056	-0.003819914465983659	-0.011475262727395491	0.01846188337694778	-0.006125022011585879	-0.09088149784888083
24-00912,	23-12169,	Detroit_River	230	0.07991535044918045	-0.023481011581622503	0.05976136805871384	0.0027898425211121554	0.09310725489075057	0.0828866751501665	-0.010684763241678049	-0.00935016738477049	-0.06245111965379934
24-00913,	23-12169,	Detroit_River	231	-0.0838670623533096	-0.03365310358414605	-0.06788519178588939	0.0081806865762101	0.02257330380172586	0.048754902101674796	4.510224597947531e-4	0.009463577103948169	-0.008191393424392415
24-12060,	23-12169,	Detroit_River	232	-0.008917542468586899	0.018559908897251242	0.06381895653850657	0.06113864769200583	0.09179665757762624	-0.0679892715008055	0.07150933850621774	0.0753995216569737	-0.0010366660528956899
24-00901,	24-00901,	Central_Basin	233	0.0603140287660678	0.05771764842414099	-0.0636455600158267	-0.015069784735863736	0.08446800525245306	0.04525632046787709	-0.04948080808121617	0.0034962632263287755	0.06423434546165738
24-00902,	24-00901,	Central_Basin	234	-0.0051711247443232715	-0.052701947922749376	0.11333717443962517	0.07842928292816621	-0.04063045146536542	-0.06757822391325793	0.006709563317966032	-0.004413478168995531	0.03020084554900254
24-00903,	24-00901,	Central_Basin	235	0.07918396644822004	8.229310831694542e-4	-0.08715435889030144	-0.02916331800030227	-0.012989607470718515	0.05073399355126052	-0.02850561106458706	0.013867407009471734	-0.005086984270387989
24-00904,	24-00901,	Central_Basin	236	-0.0354175432004834	0.06735400869639861	0.10034222046664061	0.010567610288562738	-6.484300950984997e-4	-0.005300160220074688	-0.02962364040287398	-0.137725628166318	0.02228730485526467
24-00905,	24-00901,	Central_Basin	237	0.05953277290449593	-0.07622093013579982	0.04813300578464307	0.11618257083742164	0.04649737913818116	-0.019950360328156322	-0.004641087503959987	-0.03224151126082667	0.04392829779036919
24-00906,	24-00901,	Central_Basin	238	0.08729233534368912	0.005164132735577658	0.07060042881828106	0.0653581591214712	0.00363693642333292	0.03155428711504245	-0.0030625448971675806	-0.002020448196210868	-0.0688344121102669
24-00931,	24-00931,	Niagra_Reef	239	0.03785124188664087	-0.026167073431975277	0.11783743480649511	-0.009754386007384024	-0.07660463996237372	-0.07219004455391949	-0.0011911206805163617	-0.013574197932048988	-0.08758678085282358
24-00932,	24-00931,	Niagra_Reef	240	0.08405433457309024	-0.050229967750904526	0.05771892014097593	0.10692239274471022	-0.013416110352961688	-0.058363035930380724	0.010478155014787641	0.10347856810272832	-0.10527118203863593
24-00933,	24-00931,	Niagra_Reef	241	0.06245539208437209	0.035419904912772235	0.03598537880325097	-0.02097536634111254	-0.025546598829918835	-0.02673948413468182	0.018509909475894395	-0.013115106289818497	-0.003916745904051933
24-00934,	24-00931,	Niagra_Reef	242	0.041752119898911456	0.045716643397616726	-0.09203138451797148	-0.005039663504001467	0.06635200552482412	0.058319569804580876	0.07473951947944282	0.0017223091588899134	-0.01573941881454484
24-00935,	24-00931,	Niagra_Reef	243	-0.10413328656302015	-0.05669120287163967	0.047728964965713785	-0.009430199164903825	-0.10534923204054832	-0.07263472295576597	-0.07277809881513173	-0.09079388782556075	0.0067335421724431695
24-00936,	24-00931,	Niagra_Reef	244	-0.03782607572772359	-0.10042295237599036	-0.014898395070275397	0.07755925901391206	-0.05570478352698945	0.03643346554531157	-0.08863056165770522	-0.009746494594060039	3.589360078556751e-5
24-00937,	24-00931,	Niagra_Reef	245	-0.012583290037349985	0.004194461767730932	0.013144448320507375	0.041690297299054185	-0.005800165447505671	-0.10915082753582143	-0.06476266412077844	-0.03641006219346777	-0.035743481968299746
24-00938,	24-00931,	Niagra_Reef	246	0.08165585830561667	-0.0720724680957786	-0.013603864393111377	0.057021590293489355	-0.03859077503436155	-0.047066999084889344	-0.038357427338889576	-0.013804057998882548	-0.0017676877760712997
24-00939,	24-00931,	Niagra_Reef	247	0.0627142817054439	0.0805099921466656	0.05578307642135359	0.07563614574167248	-0.047703272515793343	-0.055835679684269605	0.009733007973431526	0.027545717215626955	0.007363430326713656
24-00940,	24-00931,	Niagra_Reef	248	-0.12071998723148519	-0.06673016540379659	0.012681210133876315	0.010197303872472955	-0.012055128603518674	-0.020058451278043198	0.02000068625704344	0.013413866738889908	-0.07750263186127349
24-00941,	24-00931,	Niagra_Reef	249	-0.09557091592593257	0.08373248275240538	0.04475573277127442	-0.03396522408133557	0.03811919077215217	-0.06217860602700577	-0.008856187039754361	-0.044826998599143894	-0.12104980695209937
24-00942,	24-00931,	Niagra_Reef	250	0.10255356888193302	-0.02383049389388877	0.05010946487705225	0.07432493897766457	-0.17217487142966903	0.04570357230092227	0.05863496358563542	-0.04054415236404516	0.06483967259926017
24-00947,	24-00931,	Niagra_Reef	251	-0.049409591714360164	-0.015055246448910835	-0.015756695677160627	0.010438335084472035	-0.10058928337456338	-0.012978885171133887	-0.0681583443312136	-0.00861291426569849	0.0775412727883367
24-00948,	24-00931,	Niagra_Reef	252	0.015495656930721772	-0.05302177782969065	-0.03174422524728377	0.026932540168527568	0.022524512065472617	0.09014466103420593	-0.020204581283105504	0.038984299819383714	-0.06824246250206205
24-00949,	24-00931,	Niagra_Reef	253	-0.05565664834377336	-5.378057459641759e-4	-0.05100908410576616	-0.10931847351590913	-0.028907368862075983	0.040796038738389974	0.07689255162046128	-0.09531672152692508	-0.002790073541212022
24-00950,	24-00931,	Niagra_Reef	254	0.05594595399322518	0.03519399905616751	-0.05559195108930133	-0.05876280257626782	-0.0545539666885785	-0.032749237770549236	0.023545171419509077	-0.027472667647549832	-0.033433813019490305
24-00951,	24-00931,	Niagra_Reef	255	-0.03105873556504828	-0.06493142426411658	0.09050330507093711	-1.814403334522594e-4	0.04215954555891793	-0.06426287266193016	0.05421121503658685	-0.009848220390838453	-2.6232853758055216e-4
24-00952,	24-00931,	Niagra_Reef	256	-0.11951906990308787	-0.058944586755145335	0.040598643864790396	-0.011813364075682875	-0.02209800362994687	-0.025589002973878627	-0.0619460770282573	-0.04881728160142974	-0.08437452695694557
24-00953,	24-00931,	Niagra_Reef	257	-0.008415271472655266	0.032575250123324066	0.022593482483136782	0.06423945355343749	0.04526933252601522	0.07826028018307168	6.888639818420766e-4	0.022250880733183456	-0.10091074455107787
24-00954,	24-00931,	Niagra_Reef	258	0.0769509603162695	-0.09856334059078967	0.03519221238239117	0.028228461836442065	0.024283017372319474	0.06863931229199717	0.012068868414029302	0.04892622020471704	0.047162432209884
24-00955,	24-00931,	Niagra_Reef	259	0.06324981091526731	-0.013970148251791667	-0.046716637098586714	0.018315188073509642	0.08731061016748291	0.10913017425693133	0.0021273552246869865	-0.021267084713478816	-0.03348959233054719
24-00956,	24-00931,	Niagra_Reef	260	-0.018406525609967004	-0.00470982218165513	-0.025414032401340353	-0.01678827660308085	0.03648892013052182	0.026229011155927205	-0.05837070464686766	-0.07194031256715916	-0.006226217587981932
24-00957,	24-00931,	Niagra_Reef	261	0.008773727540499472	-0.10108513210419272	-3.1626883346440375e-4	0.05802165076911531	-0.06496556515814793	-0.06352967747043037	-0.04098466065503135	-0.07142002708425052	0.05291633664203807
24-00943,	24-00943,	Toussaint_Reef	262	-0.024583678854860992	0.09771622228872105	0.03703926346225782	-0.10243990082999095	-0.01877836462732573	0.0257396718633887	-0.027098939514693273	-0.02043296040222138	0.09223743624142276
24-00944,	24-00943,	Toussaint_Reef	263	-0.03723156912031406	-0.0764098377873283	0.07179667528541414	0.029742888175589836	0.05351607071504399	-0.09035348687121983	0.005089227290423826	-0.018815293989653807	-0.00822808876191563
24-00945,	24-00943,	Toussaint_Reef	264	0.04727653971243323	0.09160372822010217	-0.04171608004134414	-5.174666251739422e-4	-0.019598509714882355	-0.04167369516636019	-0.04652036632385806	-0.04028745692691311	0.027163094083210288
24-00946,	24-00943,	Toussaint_Reef	265	0.03301170304615442	0.004928554170835967	0.020556106897411188	-5.680820175618613e-4	-0.0378772004363639	-0.048966193605649334	0.002171523412395706	-0.0457566280016901	-0.08785454616607286
24-00958,	24-00943,	Toussaint_Reef	266	0.09318863477609271	0.018359517051821747	-0.012885732935105577	-0.03569305561607174	-0.0038996695081360603	0.012699263016076587	-0.02771810271065861	-0.01728585887440625	0.016565417095461978
24-00959,	24-00943,	Toussaint_Reef	267	-0.013210675604394805	-0.07707605462782358	-0.02191601283806367	0.05458308249841052	0.015433357881122245	-0.06555991557144496	0.028941142999292235	-0.011599193160566774	0.07057066810452081
24-00960,	24-00943,	Toussaint_Reef	268	-0.026684388070672912	0.09003219928234833	0.021973319181387528	0.11119489108991068	-0.1013785000214578	0.07323693573050956	-0.02206474715110948	0.028273206945645054	0.020892268905425643
24-00961,	24-00943,	Toussaint_Reef	269	0.09224246147480913	-0.08977593140976384	0.01645742964602121	-0.019722626355832978	0.07347674633910964	-0.021291243834681912	-0.03980670150799712	-0.014097288586397519	-0.023822104580151392
24-00962,	24-00943,	Toussaint_Reef	270	0.05723505809587971	0.06118748830765516	0.04896909361700144	-0.04364122537910131	-0.004934072378242749	0.1038362621207369	0.01663003639129216	0.08632153368565633	-0.0439892343008452
24-00963,	24-00943,	Toussaint_Reef	271	0.04148592522723735	0.10761990213098047	-0.08026425307444482	-0.014063745114120528	-0.04125836529825032	0.053829738513718944	-0.04521954986932207	-0.06240366171717483	-0.02505201080683348
24-00964,	24-00943,	Toussaint_Reef	272	-0.04999560845563964	-0.005845680743969623	-0.07052793327909321	0.10349618745254127	-0.10785276606416573	0.0019005475239719572	-0.011939996030877116	-0.07694584382690797	0.034266557539507955
24-00965,	24-00943,	Toussaint_Reef	273	-0.07736244252987881	-0.09983439862471495	-0.07796143593477943	7.204039409753112e-5	0.04125148437521492	0.05611259419835063	0.04733993992404216	-0.012938196676604851	-0.06903406474792939
24-00966,	24-00943,	Toussaint_Reef	274	0.03325577925475286	-0.02598984872459243	-0.06049838092545357	-0.018467954534958114	0.007931255994364833	-0.030909878297730804	-0.06816949727730849	-0.017165735687464483	-0.053174034897203425
24-00967,	24-00943,	Toussaint_Reef	275	-0.0021441842688612258	-0.05591891529833113	-0.052708172021033735	-0.009733077472569542	-0.027739388394744748	0.008778553811196238	-0.046259662453131734	0.06463899795585412	-0.031040312217217213
24-00968,	24-00943,	Toussaint_Reef	276	-0.031450103046167764	0.009173575787982703	0.030371279218096153	-0.021615631480483444	-0.015357979293834777	-0.005090136186078771	0.05663496148677527	-0.048461893635459975	-0.009029117496336598
24-00914,	24-00914,	Long_Point	277	0.07342521992119574	-0.08124152467403185	-0.026270103146507365	-0.05282188523035849	-0.05704752606850853	0.05549817157655782	0.029795842257254453	-0.005528394625027382	-0.047135108352548034
24-00915,	24-00914,	Long_Point	278	0.09710634608237084	0.0015692218255430016	-0.0768862740379004	-0.03866366034405596	0.0035753977056899966	0.12617121576863383	-0.011319708275441024	-0.06919804176006938	-0.1604889656372188
24-00916,	24-00914,	Long_Point	279	-0.08179401536542752	-0.007961490749124263	-0.06938437106188067	-0.009973666437512728	0.03168028893220886	-0.0021373413688984496	0.1834218405097041	0.004727932541633454	0.004455684497185225
24-00917,	24-00914,	Long_Point	280	0.024183411224040316	-0.03965103195642292	0.04096525062024818	-0.015490477140758623	0.07156131844618796	0.04093611281171874	-0.07506411738493879	0.04911405468407669	-0.012578891084509235
24-00918,	24-00914,	Long_Point	281	0.055358698872879926	0.03753253751870205	0.05087743666208714	-0.02372694013541956	-0.008605797416710368	-0.14720766472282187	-0.047926878651691006	-0.07751713604306966	-0.06763210574914803
24-00919,	24-00914,	Long_Point	282	-0.0037339056225469194	-0.016188995306332676	-0.07962272093443155	-0.02909654007714997	0.07859472918668792	0.09308978862206754	0.056313746801311446	-0.038452018048564504	0.0954967342134317
24-00920,	24-00914,	Long_Point	283	0.07684242353114089	-0.03249739441975413	0.043011116242809094	-0.02729378119032275	-0.014669910858638564	-0.05699089995905567	0.0022625704157228496	-0.12226742096357401	-0.046041949982569746
24-00921,	24-00914,	Long_Point	284	0.04462006621050118	0.012570373072316806	0.07177386523178565	0.04254358753366056	0.039858625960970305	-0.0030000960127615803	-2.7340707684740933e-4	-0.04464522623331573	0.041635142053152316
24-00922,	24-00914,	Long_Point	285	0.06068534854706875	0.04615912097021392	-0.021062956903304883	-0.13368171628693842	-0.11611894387909226	-0.00412121227140917	-0.013158652045398206	-0.04505674939204317	-0.03958828463818156
24-00923,	24-00914,	Long_Point	286	-0.10896960617414092	0.003860310108244127	0.04027491944595014	0.040048969949078576	0.03987615789592974	0.02736038562658079	0.0818889687205126	0.011605686827016442	-0.014245858634431424
24-00924,	24-00914,	Long_Point	287	0.04465312967548589	0.05515398604918414	-0.00731621702155841	-0.023183969913571877	0.01762608536050475	-0.0413010473732301	0.00861897418133466	-0.1695937724485738	0.07599288555548632
24-00925,	24-00914,	Long_Point	288	-0.030565751997699984	-0.0398276045643227	-0.08991543103518966	0.00794535490692836	0.05174445481705446	0.053194383962305435	0.08434016651554359	0.013779367001854986	-0.007446285980574484
24-00926,	24-00914,	Long_Point	289	0.043591586014070434	-0.079208975003445245	0.010920312271215362	-0.021396513074841746	0.07861504657366361	0.03347937373777297	0.10147096864082478	0.022642534582771406	-0.052892276561191075
24-00927,	24-00914,	Long_Point	290	-0.021677913870756235	0.017709784929914114	0.013253718394234613	0.1135743853415218	-0.02429803942669084	0.030147321985205713	-0.02297542430165252	-0.03300025085729247	0.05979209503158327
24-00928,	24-00914,	Long_Point	291	-0.018759445524482634	0.08646348579232173	-0.07966587374106598	-0.10773562596201891	0.0898247527377734	-0.02564774565892425	0.09403906148191912	0.010780143938966638	-0.0982181371986173
24-00929,	24-00914,	Long_Point	292	0.02790813046645858	-0.03132526583117055	-0.08874642758057819	0.035624763775823076	0.02803948058836887	0.05496816478387105	0.03903756280195782	-0.022257334633662605	-0.0944446328986781
24-00930,	24-00914,	Long_Point	293	-0.0363807035604563	0.030615179244325188	-0.023239370112426678	0.05102558837265119	0.09482959605377805	-0.05830816981516167	-0.022416472041386	0.01738298911788705	-0.03174160590429047
24-00969,	24-00914,	Long_Point	294	0.06332322051844087	0.02351810035721672	-0.023559401467470865	0.04750915076310446	0.005513214369776062	0.03616837532724942	0.07578340398055339	-0.1796296077156968	-0.04418480339547818
24-00970,	24-00914,	Long_Point	295	-0.02154167906725595	-0.037143802724777554	-0.06800245007698419	-0.07169032692745968	-0.08192631767878171	0.049267956959648446	0.03902190132942915	-0.03384065618129281	0.07038286481360602
24-00971,	24-00914,	Long_Point	296	-0.02934959795662491	0.016920321534744633	0.013553198244273998	-0.041412307775600975	-0.08757657619902905	0.020391235841573343	0.017258079997659076	-0.08150585613867925	-8.749080092892349e-4
24-00972,	24-00914,	Long_Point	297	-0.013228167020918266	0.018880683911782797	0.04345869968820188	0.037197190933002285	-0.012519858562760606	0.009167741870791567	-0.044863434958731546	0.02573766900908285	-0.15872004460274322
24-00973,	24-00914,	Long_Point	298	0.05959862669530697	0.10277799453055068	-0.021670123851038406	0.010467716616525484	0.05454333074612069	-0.02063648928583752	-0.01171527402021989	-0.024780458532530743	-0.05330361100497399
24-00974,	24-00914,	Long_Point	299	0.039377937539139846	0.040405475749553575	0.11755350362902438	-0.019107562348352168	-0.006940005392247343	-0.04491574228018638	0.06932099414376033	0.003403383416629881	0.008474263375679456
24-00975,	24-00914,	Long_Point	300	0.01742391099492264	-0.03954725692793086	0.06739538468690567	-0.005974582377394353	-0.036305580433805835	0.010426817272162324	-0.010266301675304814	-0.12218265170330095	-0.13822086826959343
24-00976,	24-00914,	Long_Point	301	-0.043976828040545805	-0.012429027875370398	-0.012843387856252813	-0.04528026370430648	0.039260061967136065	0.011825247299895108	-0.10682057509144023	-0.04608587739571403	-0.04018568042268657
24-00977,	24-00914,	Long_Point	302	-0.007673431249063336	-0.11514771471065362	-0.02764541598203828	-0.014357049747805443	0.03367018760129135	0.06273680138307368	-0.08513279862339762	-0.03559143507947761	0.028768797243662415
24-00978,	24-00914,	Long_Point	303	-0.013333304924688646	0.04935537373502701	0.03167551698774976	0.09312492109763333	0.009639378651856548	-0.04349624262044702	0.10075779871191778	-0.12287499364242876	0.007201271422385522
24-00979,	24-00914,	Long_Point	304	-0.012082579033780473	-0.11914055989723146	0.014938912623709475	-0.016003522990075805	-0.014655986872517969	0.06619813341652628	-0.06865169711018845	-0.0817696909903416	-0.03332818195789524
24-00980,	24-00914,	Long_Point	305	0.08494604297264514	-0.027493063203588693	-0.05253931172231981	0.057474706478017966	-0.015338577531172494	-0.044450560436039545	0.0403127477036579	0.08373163997921029	0.010396263788387452
24-00981,	24-00914,	Long_Point	306	-0.011187879997134968	-0.012942748740960104	-0.0675182889237413	0.012094606522914688	0.025956198343357235	0.03809014124350929	-0.023660712614234806	-0.05423804350874373	-0.10163704394998523
24-00982,	24-00914,	Long_Point	307	0.08736969366131124	0.07340839433068139	0.0038958200428159994	-0.03566890331342168	-0.15982745000142434	0.06571868431280585	0.028488778005847117	-0.0013461133911975426	-0.009051513989077012
24-00983,	24-00914,	Long_Point	308	-0.11158562071315552	0.033297752048598125	0.013647527110385272	-0.01608179120254768	0.03777768403544527	0.053145077324648814	-0.09528546741746399	-0.02010960953507841	-0.024214266559897234
24-00984,	24-00914,	Long_Point	309	-0.013289732022763907	0.05946285598947542	0.026649898473964158	-0.03960017938950899	-0.09663675744867449	0.15819350925672374	0.0633403241837993	0.07299546945089871	-0.05873785795481431
24-00985,	24-00914,	Long_Point	310	-0.04226514143102107	0.029109971790779208	-0.007866329198748178	-6.137593811293547e-4	-0.04284615228305179	0.009567126637240297	0.05589510183307528	-0.027382483636021693	-0.007184045948467048
24-00986,	24-00914,	Long_Point	311	-0.01286958527191455	0.02972025931441296	0.046685293876338164	-0.03892038089099249	-0.0802606993376055	0.04693463724332819	0.0010855726711544644	-0.030867987416747823	0.00855633279173524
24-00987,	24-00914,	Long_Point	312	-0.028156853708662076	0.05116154760859043	0.16069354524227072	-0.11085003140279283	-0.11934188469619346	0.10759354858912679	0.0029442986005430143	0.11714010218592244	-0.02966517300316533
24-00988,	24-00914,	Long_Point	313	-0.013070064073849433	-0.0070656758197090545	-0.06576272583699275	0.02939275915562115	-0.07819096191664383	0.005494367708903788	-0.03902755445356976	-0.010348911265890257	0.010987165891795183
24-00989,	24-00914,	Long_Point	314	-0.03637142391551041	0.018170678018112296	0.0139124276674382	-0.2982209578070183	-0.11632748361290438	0.09116254570464848	-0.041943931058718485	-0.02167245593003403	0.02135169158234564
24-00990,	24-00914,	Long_Point	315	0.07988243273447256	-0.01519110280023091	0.026116038267590916	0.11753064801033528	-0.07280003174231758	0.04292876397663102	0.06971849542349319	-0.05408828582718304	-0.04276906058906782
24-00991,	24-00914,	Long_Point	316	0.12094323453460311	-0.07589237519426217	0.07426458030770508	0.054526525764244625	-0.10695388556118922	-0.030853362171335875	0.02118205647434245	0.05922208327536935	0.033273726061757505
