sampleID	genepop_pop	pop	.sample.id	PC1	PC2	PC3	PC4	PC5	PC6	PC7	PC8	PC9
23-07451,	23-07451,	Pelee_Island	1	-0.03284333716841689	0.013263175730774297	-0.11239963268157654	-0.05879504473761345	0.0378827623507767	-0.017533984695824883	0.045883980262129705	-0.04391345441310312	0.01278150197391836
23-07452,	23-07451,	Pelee_Island	2	0.02214069104978253	0.052810542056175865	0.031239165074405384	-0.06882452463165495	-0.03491810153840913	-0.08529114079588719	0.05128169526903875	-0.09247628356259681	0.07349060473279487
23-07453,	23-07451,	Pelee_Island	3	-0.019438116136291872	-0.058154282515639574	0.06115380209499721	0.1631541951012641	-0.054373019826289115	-0.01709477449102855	-0.01077573882905365	-0.0443417239102346	-0.016709084152630303
23-07454,	23-07451,	Pelee_Island	4	0.023438127199758685	0.04566218516858475	0.07124791252176171	-0.025392185434579717	-0.08139704652863516	0.020767544411908444	-0.11501028159554573	-0.002408607424914999	0.03447051607244597
23-07455,	23-07451,	Pelee_Island	5	0.010437109337599948	0.07745366733623617	0.04045739954543104	-0.04362413179272205	-0.06128798381157842	-0.05032270510331662	0.008186906110112684	-0.06228432704765954	0.032223075236525976
23-07456,	23-07451,	Pelee_Island	6	-0.02472178978550736	-0.04069122788834445	-0.05554076260441268	0.14010802182131057	0.009843032627080438	0.04983685447083566	0.005122230008610812	-0.019436604089311915	0.09077316103800803
23-07457,	23-07451,	Pelee_Island	7	0.02810561305965375	0.06628152657059827	0.028953877544659022	0.031410958886760515	-0.028157514479734302	-0.0021289200112432766	-0.07450292910065169	0.014737614273169816	-0.003272836119948124
23-07458,	23-07451,	Pelee_Island	8	0.01778710187699387	0.024146883017257093	0.02214600931829444	0.004596242566384193	0.012764064171555229	0.05474498803436241	-0.05472622512151404	0.07189721007096256	0.04640520353235438
23-07459,	23-07451,	Pelee_Island	9	-0.016327599428273647	0.02235007219076271	-2.4201426951281357e-4	-0.003215146315292794	-0.012442411178350238	-0.05346670072467083	-0.013461209512033362	-0.12435394934171634	0.031200535262774217
23-07460,	23-07451,	Pelee_Island	10	-0.006249642878581208	-0.05882156418613696	-0.031910292863905204	0.025340349469992807	-0.0560658696263619	-0.020024309871127313	-0.06133801467307159	-0.01558746049908838	-0.0072017983049844966
23-07461,	23-07451,	Pelee_Island	11	-0.09300419219858362	-0.017504169443727152	-0.02735130958812204	-0.02173925944601174	0.032827255033690605	-0.11806797214957176	-0.02317413495343998	0.04285840205577085	-0.027810091242401087
23-07462,	23-07451,	Pelee_Island	12	0.020873746738323304	0.06153493490905927	-0.007801352398430501	-0.022219546372348742	-0.01928041206627089	-0.025932159173887526	0.04802652687055492	0.02672715115182006	-0.032589335393161646
23-07463,	23-07451,	Pelee_Island	13	-0.017163468207852934	-0.08639968745292115	0.1109390087620136	0.14908516708249506	0.009160931910475862	-0.014517848018140878	0.014900776643242186	-0.054866423634942096	0.061922630643681253
23-07464,	23-07451,	Pelee_Island	14	-0.05554932895781764	-0.06355441330998558	-0.08120504915435194	0.1395767132126715	0.037452924807766914	-0.018081132922495358	-0.02351488851874234	0.014080382323253787	0.12987724394626504
23-07465,	23-07451,	Pelee_Island	15	0.04840715910082878	0.07469328724475652	0.01774580241583473	0.024727216134236688	-0.03063609833502609	0.1220699502352266	-0.012149381693856577	-0.02882271977630245	0.15787850442565246
23-07467,	23-07451,	Pelee_Island	16	0.01708213391819435	-0.08425486772495794	0.0017548233298564898	0.018865039366652625	0.01959903183158271	0.04788252014130734	-0.05006863500257874	0.007779594641483034	0.0028055878570505156
23-07468,	23-07451,	Pelee_Island	17	-0.0453464437219726	-0.041685946936187324	0.05764856158813616	-0.07044128456185553	-8.266491239649898e-4	0.02735956485129243	-0.057850720860430194	-0.007608715879163591	0.04551486657601274
23-07469,	23-07451,	Pelee_Island	18	-0.0380627489924693	0.04290281314910892	0.03488392191453035	0.01929548286398247	-0.05469412631466314	-0.0877772579422181	-0.010974859113476398	0.0707102960352479	-0.0274423844701186
23-07470,	23-07451,	Pelee_Island	19	-0.024641695919573256	0.03456008132650639	0.028342469152242294	0.03148194519487013	-0.033665965302698275	-0.0470395383527597	-0.01361757109812063	-0.0556089474057101	-0.004711222226326681
23-07471,	23-07451,	Pelee_Island	20	0.011648171470467032	0.13064942671029622	0.008319940482714118	0.06146168451272915	0.06640906744693209	0.018964606785261073	0.02003091308428062	-0.05647798229210557	0.09495849904151633
23-07472,	23-07451,	Pelee_Island	21	-0.023466904348401364	0.023008278545620688	0.041679796300024635	-0.007513128109193107	8.323987984962256e-4	-0.10333814033689939	-0.016858327133807444	-0.034242830956731925	0.028527379694407884
23-07473,	23-07451,	Pelee_Island	22	7.460426194272847e-4	-0.08581030169691012	-0.006999277030510023	-0.06416832769155764	-0.03434879658653188	0.02972998413713157	-0.0019932273324281546	-0.03679923705513892	0.07501446591379157
23-07474,	23-07451,	Pelee_Island	23	0.02261620206422601	0.10093282001229748	0.027712483529739224	-0.03775704615364827	-0.0585455049839412	0.015050483647530644	0.03670370534191139	0.08811555367095295	-0.04119639922754416
23-07475,	23-07451,	Pelee_Island	24	-0.008606379581390372	-0.009688523125073822	-0.11982697220321084	-0.0026448936090210096	0.023160218312763846	-0.0020837948912956657	0.06027617921371148	-0.025357676366244086	-0.0441180112653949
23-07476,	23-07451,	Pelee_Island	25	-0.03753255723535794	-0.03881747765028606	0.0013476931031726326	-0.026392991383902595	-0.02023957521527984	-0.0968416202145501	0.013159870821263936	0.011844989587916022	0.009946728359690613
23-07477,	23-07451,	Pelee_Island	26	-0.09505912931774445	-0.02522533506640496	0.021522653999037456	-0.05323491711728268	0.10664901622545747	0.008682887262731937	-0.05485241730444726	0.04342000951138669	-0.026960259028625415
23-07478,	23-07451,	Pelee_Island	27	0.024665590657183645	-0.011937998739343533	0.0325917099336985	-0.08509721358060332	-1.0200720790024811e-4	0.038685991332935384	0.0015456002874286445	-0.06160201992690645	0.12597265514016898
23-07479,	23-07451,	Pelee_Island	28	-0.06631835933222423	-0.05719265280015422	-0.08251130096712377	-0.04858950221273617	0.03618410777905042	0.07509533026241895	-0.0506383727694647	0.017164628215541045	0.05830592001015625
23-07480,	23-07451,	Pelee_Island	29	0.027865200018809228	-0.02053307088673158	0.014516978079929098	-0.013549041584567899	0.04930898423924689	-0.03687868505463231	0.04628317663676465	-0.02136871634810919	-0.013105025008200377
23-07481,	23-07451,	Pelee_Island	30	-0.027609117039809138	-0.027318765487269633	0.049753510198012336	0.049058230009224366	-0.024148796629238595	-0.0023556798248130723	-0.1158634729236275	0.019502293887887823	0.014933149300561763
23-07482,	23-07451,	Pelee_Island	31	0.02922469254475971	0.050360565320007745	-0.02790354633491428	4.257387643850894e-4	-0.05215971233352986	-0.03328486838395339	-0.0727084812582674	-0.038269862536585264	0.049312968574274904
23-07483,	23-07451,	Pelee_Island	32	0.006624127001768298	0.07673278192339014	-0.036824553269813015	-0.025989300324251806	-0.01720824657520564	-0.04245208691589889	0.0372413536332666	-0.08900315717514852	0.03942469048513994
23-07484,	23-07451,	Pelee_Island	33	-0.02709660899528589	-0.052974656094591996	-0.006422390740706922	-0.08001753458985943	-0.02499193686291269	-0.0023670109667152488	0.04614665425138509	0.05545642813850325	0.035383080336798434
23-07485,	23-07451,	Pelee_Island	34	-0.051536164219847136	-0.021191806863749323	-0.09313048278264464	-0.02289213182475193	5.296958135434168e-5	-0.064943501346413815	-0.04782794760314878	0.10917215444241672	0.02966889041335229
23-07486,	23-07451,	Pelee_Island	35	-0.05236068727158898	0.05624569744146293	-0.002457559445109583	-0.01417704279353477	0.0991406702120124	-0.020847369870902063	0.028918555725360465	-0.11111158579977796	0.0678886551400741
23-07487,	23-07451,	Pelee_Island	36	-0.08679115188848079	-0.05702746610670367	-0.03506601879462852	-6.06730600481438e-5	0.04353002936139865	0.007792154150207172	-0.09691462397239954	-0.07546200613102047	-0.03089221201432885
23-07488,	23-07451,	Pelee_Island	37	0.028093905178535467	0.09961337654938077	0.0637835692926315	-0.047857660200361155	0.0363046237660504	-0.041955992151144324	-0.02252606427309141	-0.06813566055334576	-0.03243134396212227
23-07489,	23-07451,	Pelee_Island	38	0.011686455140760457	0.04515689294250512	0.05126318667923114	-0.10346416100611396	0.013094465445973664	0.0363316194347644	0.010813985102784583	-0.06551733257693605	0.08958753816600581
23-07490,	23-07451,	Pelee_Island	39	-0.014577633551747288	0.04355995369888191	0.006931882303127959	0.07587187135233202	0.058704012256080317	-0.01727902291017779	-0.0971129031985072	-0.00660711011557796	-0.03578914526628564
23-07491,	23-07451,	Pelee_Island	40	-0.045077225377248634	-0.019455435795941306	0.03755432290711518	0.09131991376505681	-0.022504248188780582	-0.09066448011371529	0.04929789652655901	0.021652856785398706	0.038522342286229284
23-07492,	23-07451,	Pelee_Island	41	-0.04990303977355294	-0.020960902821766783	0.08143680953382437	0.01364971016164337	0.020947780790821404	-0.09769426292214854	-0.028789496317131416	0.09518769369143226	-0.011483056569796377
23-07493,	23-07451,	Pelee_Island	42	-0.018815168372949758	-0.04985068344699329	0.06248078265713151	-0.08815760997601572	0.08832222787437716	-0.04659251646426012	0.05356359680553021	0.11728011067492804	0.01798853134359962
23-07494,	23-07451,	Pelee_Island	43	0.008640484013683943	-0.09583169768734685	-0.002761857452662416	-0.02106223627590447	-0.0725002714996632	0.08265537897254846	-0.08571627558444819	-0.03244263391063557	0.009955648557034406
23-07495,	23-07451,	Pelee_Island	44	-0.017351558598202036	0.04056608608001882	-0.07067548209833303	-0.06080445338112617	-0.05826982396840995	0.0053540454763471475	-0.004798404793045891	0.03309091971444488	0.08868531354056879
23-12172,	23-07451,	Pelee_Island	45	0.05163587963075513	0.0400818669926415	-0.05156080637103472	0.0034780753688979813	-0.06980748337447139	0.058807303270858334	-0.003315663459119937	0.05034458706770921	-0.026840991520226738
23-12173,	23-07451,	Pelee_Island	46	-0.021880731943575604	0.030139070096151167	0.02784819824426591	-0.0256006703691733	0.012860594187546053	-0.016729275213797322	-0.03546669020699128	0.015783815439124094	0.020974833464512743
23-12174,	23-07451,	Pelee_Island	47	0.017862753186780163	0.11970580353783276	0.0990174105491093	-0.04991319132874059	0.03607489607157353	-0.01090818288990859	0.03329087360380529	0.00948484693765227	-0.03367399719890403
23-12175,	23-07451,	Pelee_Island	48	-0.04836560581478306	0.013384876197863051	-0.06856195890780441	0.0709515430018685	-0.04402345757491995	0.01960933599350836	-0.012872703400686747	0.05224088452755606	-0.014173105832660519
23-12176,	23-07451,	Pelee_Island	49	0.02348739063727983	-0.08748676304570142	0.035014256137845166	-0.017511923836006058	-0.048294216676643534	0.015050202810316422	0.013925210608259133	-0.055219814763042455	0.06944598078736035
23-12177,	23-07451,	Pelee_Island	50	0.0048469669824251676	-0.03362269838609244	0.08975423517604622	-0.048697016961868414	0.010877646939005742	0.0010416369416074971	0.008116113038852553	0.08222381011985383	-0.028732750871359354
23-12178,	23-07451,	Pelee_Island	51	0.019659981640363065	0.018119529619758185	0.020232994665517645	-0.10956229084212743	-0.05593901220371524	0.09744328761324644	-0.07450620143792731	-0.01815288840715267	0.06922431330331484
23-12179,	23-07451,	Pelee_Island	52	0.033846133707718	0.10939290127738778	0.051248072366246206	-0.04344073283156915	-0.07079531734071955	-0.029550090524198696	0.026807529543905004	-0.02922762063868907	0.05940428584372747
23-12180,	23-07451,	Pelee_Island	53	-8.715299169955678e-4	-0.013882858356905683	-0.03706654011832107	-0.013660759758763998	-0.06778082885055058	0.06650863339025728	0.07452114035486078	0.030221994603154903	-0.0047500229379109265
23-12181,	23-07451,	Pelee_Island	54	-0.06401835579851732	-0.025977478601869105	0.04889308684756803	0.07707669029784178	-0.03335772146056575	-0.03056141952813567	0.037027517122640866	0.05392425185250802	0.042931282294877596
23-12182,	23-07451,	Pelee_Island	55	-0.0328012037004034	-0.04058867840945629	0.016066535753695002	-0.026514446335620504	-0.025175965082362445	-0.0591027090225847	0.03302583258843182	-0.04892252814111503	0.04325559332628444
23-12183,	23-07451,	Pelee_Island	56	0.011730303178513302	0.0150230046939074	-0.046945771654973135	-0.015294743504150962	-0.044885491102997756	-0.06361559201424966	0.015377599659510383	-0.05594884857597888	-0.029463054787134284
23-12184,	23-07451,	Pelee_Island	57	-0.02133514315189984	0.03825300109181256	-0.05734872887293418	-0.07944981930550404	0.0841885387933853	0.04593299012285514	-0.00608627206249791	0.06834815153760528	0.023635366020500606
23-12185,	23-07451,	Pelee_Island	58	0.052070690964713603	-0.004831271348192082	0.015814060808130467	-0.0802621256409213	0.05042875997467327	0.058438497647765826	-0.05626436512122685	0.02941549043534559	0.020488704556339846
23-12186,	23-07451,	Pelee_Island	59	0.00648735807297707	-0.006543784664558059	0.021087417889572257	-1.0719853323531964e-4	0.027962945442825893	0.014171975439241438	-0.07240280403518687	0.01453623169285922	0.013083744898225436
23-12187,	23-07451,	Pelee_Island	60	-0.018302790754946726	-0.004056076681700462	0.016344336326460644	-0.026018373805736593	-0.02676501458573197	-0.006999866847746042	0.039988269148007426	-0.014204708020087501	-0.022990062825239313
23-12188,	23-07451,	Pelee_Island	61	-0.07318253854734988	-0.037449959424700176	-0.05151457098456641	0.05098531790391108	-0.01504279989330603	-0.07216251398377993	-0.012278176688279274	0.043524674191271845	-0.020026363394959765
23-12189,	23-07451,	Pelee_Island	62	-0.05730366273403114	-0.013158624781255152	0.022523729382887762	0.052841071662477784	-0.024864509779455625	0.02705522655024428	-0.03911010216510866	0.03784403278188588	-0.004116587779827197
23-12190,	23-07451,	Pelee_Island	63	0.01711015038261068	0.1372160591761149	0.0074380187910782726	0.13923762078198818	0.051068943281706865	-0.013110299626677858	-0.058625005718468404	0.0325901003362129	0.09390311347283288
23-12191,	23-07451,	Pelee_Island	64	-0.042024952977926786	0.0475488485910261	0.004829277293157176	0.09374578255647925	0.052282032440606536	-0.0019740011692467637	-0.07431393743679145	-0.057639413173994514	-0.003245723949767694
23-12192,	23-07451,	Pelee_Island	65	-0.010502931998671193	0.01781542009930925	-0.09909362081409971	0.05496795783797294	-0.036125010394636496	-0.07834685166366294	0.041774636569810474	0.011145132893490608	0.018721179804276296
23-12193,	23-07451,	Pelee_Island	66	-0.00883755993027623	-0.06360082569988643	-0.01093258131491287	-0.08291696412989952	6.267664977599778e-4	-0.0033516864774545173	-0.020143854048371768	0.05287236646722556	0.0016050744413673053
23-12194,	23-07451,	Pelee_Island	67	-0.007066293656906319	-0.018540203694169043	0.029014398210862206	-0.014134069386877226	-0.06700157252557407	-0.003727281795593167	-0.026919042857145387	-0.10666379398691138	0.05462746283520459
23-12195,	23-07451,	Pelee_Island	68	-0.007627915668840167	-0.05855250808764655	0.03029317019535217	0.0019718744980408752	-0.07319630327266136	-8.644531559633635e-4	-0.016326902814295732	-0.044925205027194916	0.024777453234406045
23-12196,	23-07451,	Pelee_Island	69	-0.016549400951553824	0.016451510913146856	-0.05732556156065574	-0.027057802731065228	-0.0631266865625119	-0.052209419095678625	-0.022584318330290135	0.05539682951433227	0.0963909467902454
23-12197,	23-07451,	Pelee_Island	70	0.02110077139125489	-8.486846642038578e-4	-0.023489983303386034	0.03488204170428211	0.021224830134576652	0.06653329945793231	-0.1582361100218875	-0.05640611752842567	0.05777281965537566
23-12198,	23-07451,	Pelee_Island	71	-0.02452043313815724	0.01496841502199124	-0.08077449278888356	0.04938094435970399	-0.0716899535844143	-0.0017109833705838875	-0.055425043800532293	0.054733547352045595	-0.1033055509668489
23-12199,	23-07451,	Pelee_Island	72	0.012869557325097125	-0.059932988446178066	0.06693200588859721	0.04921966597236642	0.01707164035143639	-0.04564109740676383	-0.026120759742329344	-0.03485074365650377	0.013050497523044362
23-12200,	23-07451,	Pelee_Island	73	-0.013913650261491658	0.00494128607307537	4.4993226643846623e-4	-0.044646494612339604	0.03652933219089786	0.04233089786999658	0.045250489983522435	-0.037496720673410464	-0.015959883918319998
23-12101,	23-12101,	Maumee_Bay	74	-0.0028092072331671776	0.1257408084970678	-0.1297929310729768	0.02601973675943908	-0.04275105234745116	-0.023282527221207397	0.024826579216679412	0.0331173199322762	0.0752090944939356
23-12102,	23-12101,	Maumee_Bay	75	-0.03336663828299932	0.01476094535686753	-0.10790230869892643	0.02004574729694924	0.03747638375217766	0.03570806917994524	0.04315784208518348	0.007346420880499185	0.023795743711622696
23-12103,	23-12101,	Maumee_Bay	76	0.0244105179662438	0.006896230450368833	-0.03189804385792403	0.0774481823595819	-0.0344542226208191	0.11747444575391676	-0.04761327486809926	0.03846764167200832	0.07057718266099446
23-12104,	23-12101,	Maumee_Bay	77	0.008611482278147198	4.3165559138422395e-4	-0.031967548159442166	-0.03440090380708444	-0.01740649905125937	0.04345949026286857	-0.0276068285679623	-0.05713410315319282	0.11554381802569068
23-12105,	23-12101,	Maumee_Bay	78	-0.01428798995741912	-0.048784287866359105	0.0596978985460875	-0.08053720921438166	-0.03589375355640628	-0.020534778964087175	-0.043255703609221485	0.011512875825648453	0.06802769004443866
23-12106,	23-12101,	Maumee_Bay	79	-0.002507933463545808	0.019564694591182694	-0.03364049482047093	-0.007310176371331647	-0.06648333980310649	0.05862540123899425	-0.07052721615078089	0.07129825847367677	-0.002568635969658343
23-12107,	23-12101,	Maumee_Bay	80	0.04145824831211532	-0.049441143180137655	0.06863505095348832	-0.016179351247621522	-0.05708622675351115	-0.018845746630475477	-0.005610120762352683	-0.0013363121103110746	-0.013558618193664065
23-12108,	23-12101,	Maumee_Bay	81	0.04492530249850532	0.022079943471825385	0.006669312886351794	-0.1094423424726255	-0.013478992328551816	0.04489343759495528	-0.04534265600324734	0.12977793812998836	-0.035581276306242984
23-12109,	23-12101,	Maumee_Bay	82	-0.0690863895620271	-0.04384534984438657	-0.009706355283197939	0.05098258157139968	0.06572646025578555	0.008380879093491155	0.04286201093562127	-0.011850962851036784	0.08351519510737561
23-12110,	23-12101,	Maumee_Bay	83	-0.02741906065742423	0.07790100406350099	-0.010227109995183689	0.0066114634731277355	-0.057269775750001375	0.0046877688364144795	-5.577437007360162e-4	0.09350379321673112	0.009238157978254842
23-12111,	23-12101,	Maumee_Bay	84	-0.010296044987205199	0.00497483853833237	-0.04172347846335405	0.03694344464581965	-0.10961798587572588	0.014921570771905234	-0.06602815035300268	0.0745461991783589	0.03909897821962369
23-12112,	23-12101,	Maumee_Bay	85	0.024816052711564767	4.036925134120793e-4	0.024489957564630828	-0.014785437468957746	-0.022090600137609925	-0.05484069069556097	0.07015049341851878	-0.015570468664564978	-0.07231498512295396
23-12113,	23-12101,	Maumee_Bay	86	-0.034313004567512774	0.010752404978569309	0.0012770826115264698	-0.001480363378275574	-0.029997768070156673	6.501601808270076e-4	-0.0665229501101625	-0.09878224171066871	0.005490380716051523
23-12114,	23-12101,	Maumee_Bay	87	-0.011349513161945433	-0.0814907263733687	-0.08204849246070577	0.038133429194321077	0.0444430015277701	0.020198904200188845	-0.02482040641868478	0.0044889609597743	-0.06017571110265414
23-12115,	23-12101,	Maumee_Bay	88	-0.02248857635320698	-0.03482148704385669	0.01248091946021862	-0.020134242381998478	-0.034383956822191496	-0.05435266549269567	0.04286730206223412	0.026959552452881896	-0.06017153330836017
23-12116,	23-12101,	Maumee_Bay	89	-0.04142830092693454	-0.0745671056236928	-0.014556044563821334	0.008878680734919884	-0.01679937908380618	-0.02486989585193149	0.02661765100959353	-0.0811853574597348	0.12283321684229939
23-12117,	23-12101,	Maumee_Bay	90	-0.024793713057197613	-0.026610232111236698	0.027746799983363626	-0.03989221692585361	-0.0024271547871331954	-9.045462513630192e-4	-0.0359977856594397	0.08135683295925328	-0.007419750207701217
23-12118,	23-12101,	Maumee_Bay	91	-0.02462153683560921	0.04287668354981354	0.03176074003161025	-0.02461391277585528	0.009875557912286186	-0.02607287342629266	-0.04912518116176212	-0.09624225530660233	-0.009332431868869662
23-12119,	23-12101,	Maumee_Bay	92	0.020448809365766346	-0.09521686630293066	-0.03699424767332046	-0.027059124978747993	0.0052921208883761565	0.012723490035670504	0.0344594272419454	-0.03200886437302405	0.057056430571987185
23-12120,	23-12101,	Maumee_Bay	93	-0.017570997538619924	0.10284232433206802	-0.09190155123060213	-0.014492874194378105	-0.005723587676213672	0.009867478780763968	0.08954965613044355	-0.04700460701829536	0.0742516978698094
23-12121,	23-12101,	Maumee_Bay	94	-0.02579874580018921	0.09037325441545066	0.058495378394950656	-0.024377634652404345	-0.08841420735471353	0.09483485078863925	0.028354979539952717	0.05442772085409453	0.08873749118840243
23-12122,	23-12101,	Maumee_Bay	95	0.01130311306292522	0.004531017867153495	0.12782152282328374	0.007313928043819104	-0.00926649956588619	-2.040122285300115e-6	-0.02465027395837475	0.128165572541729	0.04971546740155252
23-12123,	23-12101,	Maumee_Bay	96	0.007084312611634012	0.033025152064208245	0.14848902206364561	0.04873073893762621	0.011913587539587937	-0.04681325039034734	0.01772698667912827	-0.04435007878762448	0.03454763429812905
23-12124,	23-12101,	Maumee_Bay	97	-0.020919642282460592	-0.062487578226034256	-0.025937403138598186	0.10637585204870831	-0.044960496791646626	0.0801450285545968	0.08428019449016984	-0.008408083466983931	-0.03801360730797592
23-12125,	23-12101,	Maumee_Bay	98	0.008727929689464438	0.020030385379787127	0.07136932735060651	-0.024067463164987164	-0.047599385894331166	0.1080022387928276	0.056884857906537994	-4.573710373845132e-4	-2.0292679519707223e-4
23-12126,	23-12101,	Maumee_Bay	99	-0.015576981682836005	-0.0662663160760077	0.12117795456519867	-0.07966417735426524	0.04446344964815724	0.06940229044239614	0.012580130559674278	0.029116657083255712	0.021055159698414587
23-12127,	23-12101,	Maumee_Bay	100	-0.039545573089476455	-0.06171858633233027	0.1041156441998826	0.04566632954044203	-0.0073108798705448725	0.044816769940155016	-0.017782578776981355	0.0022886966363135286	0.0561061286618586
23-12128,	23-12101,	Maumee_Bay	101	-0.021510435681488818	0.03724773813009498	-0.03314659961764089	0.12619494252428445	0.024780971606729152	0.0022895071278655303	-0.007034077411426316	0.09595446386290288	-0.08237693673475682
23-12129,	23-12101,	Maumee_Bay	102	0.01181582461713887	-0.02438175180475154	-0.0019196087751367104	-0.01897666999621445	0.04167764530992033	-0.0535854132398396	-0.017798308518131162	-0.012088616843411223	0.03500155502545165
23-12130,	23-12101,	Maumee_Bay	103	-0.018323390229282657	-0.010066558131018035	-0.03507221465290919	0.046532622490875815	-0.010713171089242147	-0.04653853755265123	-0.08253416753302822	-0.08975942991011827	0.010307876967916577
23-12131,	23-12101,	Maumee_Bay	104	0.017819460814345617	-0.0026662131821467536	0.06619964249481872	-0.03021067803442987	-0.021873863264732504	-0.04061564648880543	-0.06264478600764559	-0.05666829543115551	0.02451480497688656
23-12132,	23-12101,	Maumee_Bay	105	-0.0012538224679549442	0.03424558078635191	-0.06439515068751626	3.8759263270002694e-4	2.8117955668365837e-4	0.06563783130989063	-0.13387910245042003	-0.027999726991335287	0.00957334298853643
23-12133,	23-12101,	Maumee_Bay	106	-0.027040972676976353	0.0012139184282741805	-0.08542360774166484	-0.0060409980945294196	0.01688837054813354	0.030792457603750746	-0.04282021103713302	-0.044060658717383024	-0.021191897444210055
23-12134,	23-12101,	Maumee_Bay	107	-0.0314270799177916	-0.03895964465354458	-0.05008139905072333	-0.029665414629219705	-0.04717774828780044	0.011821592188664971	0.010478165213197848	2.303204568402194e-4	0.048936713734266606
23-12135,	23-12101,	Maumee_Bay	108	-0.007067504301926913	0.002391840222509692	-0.058458788442310394	-0.030301168553704953	-0.04716477026966562	0.06423813854378127	-0.051533778701268296	-0.028137567975270443	0.0629013658485307
23-12136,	23-12101,	Maumee_Bay	109	-0.029429127779530124	-0.008082534315235264	0.0135318420574775	-0.014476055478703023	-0.046356501343930885	-0.09901332398983477	0.028749363264950013	0.12444402874675053	0.09146500228602387
23-12137,	23-12101,	Maumee_Bay	110	-0.046784520316404885	0.030056899491390014	0.014011600776171836	0.020134718610737273	-0.026795357717438323	-0.10949587791884507	-0.02746027770290132	0.027172406535486252	0.05688779950426068
23-12138,	23-12101,	Maumee_Bay	111	0.02476575129302349	-0.08728722761525452	-0.017002442945125613	-0.05428213136306726	-0.105832536827874	-0.05844923618003148	-0.03971812576460071	-0.01994137535958666	0.0372305241780918
23-12139,	23-12101,	Maumee_Bay	112	0.026003834509043543	0.10278051912404348	-0.10900871878846209	0.04351944811920886	-0.04343447796344537	-0.01939427887363902	-0.04142058931963152	0.03613343326678935	0.027203988615904135
23-12140,	23-12101,	Maumee_Bay	113	0.0247018981213883	-0.01860232507105582	-0.05455807835365721	-0.0010709638287238184	-0.07128168184506799	0.04146461410150568	0.03452089073897803	0.08357775895506434	0.060039398817406484
23-12141,	23-12101,	Maumee_Bay	114	0.07713610189460585	0.06949362424005474	0.008814062985799873	-0.02789594158065552	-0.08035991130577329	-0.07040957381905574	0.04602125213918875	0.023429498888491444	0.01061008604638504
23-12142,	23-12101,	Maumee_Bay	115	-0.04174067322445747	-0.05525418877401172	0.12414666005050215	0.054184638999899816	0.10647028759733765	-0.060064990299076686	0.005765410763311062	-0.04264447071776545	-0.0014900012004342364
23-12143,	23-12101,	Maumee_Bay	116	0.010707330878078729	0.022995410113811496	-0.03061787676005619	0.008999060467893165	-0.004498071682953528	0.04769057560412137	0.07140934762860986	0.011281798488633407	0.15956521511147115
23-12144,	23-12101,	Maumee_Bay	117	0.004158972772809207	0.03296068601557756	0.022521784122886884	0.04163401825482209	0.028040869070330123	0.03835060976805373	0.07156094018974635	-0.042519165294326956	0.08064208440518239
23-12145,	23-12101,	Maumee_Bay	118	-0.009324054260374826	-0.062342472506071694	0.05708817510808606	-0.016003297593903835	-0.07995929120055675	-0.03065573078805271	-0.02633272650527755	-0.03092364591780292	0.03731573518414848
23-12146,	23-12101,	Maumee_Bay	119	0.015991254051558577	0.0047768049215000125	0.01623048089947887	-0.009419371148808484	-0.08305425173025728	-0.030467164566487556	-0.06112519794660651	-0.1156029513062877	0.028302153617695204
24-12061,	23-12101,	Maumee_Bay	120	-0.017122641456320534	0.12152259007482799	0.04918284790788005	0.07888648492468796	0.05253037266994919	-0.019842528973709223	0.10954954299401168	0.12218887264947263	-0.008466165863781683
24-12062,	23-12101,	Maumee_Bay	121	-0.0026819539494215335	-0.004770082407934195	0.05911753143928031	0.09015779601924803	-0.046192504058844785	0.2219973329371447	-0.0036426298377923837	-0.05014931868066585	0.04146709198808417
24-12063,	23-12101,	Maumee_Bay	122	0.0535559355113637	-0.0207774815279996	0.0432675828068735	-0.060501857877116504	-0.011639918564786432	-0.08861177385382316	0.0336812559982621	-0.05854878729156223	-0.06879937343337826
24-12064,	23-12101,	Maumee_Bay	123	-0.07869907851954792	0.05130000711391581	0.03851789901862754	0.026050138514818605	0.12236659392051857	-0.07770147113911492	-0.02474104277681346	-0.04222095876113455	-4.378144397565384e-4
24-12065,	23-12101,	Maumee_Bay	124	0.00215485670644414	0.020217715202833664	-0.023597882968012872	-0.043734584432640514	-0.018807587278938345	0.12184984119485898	-0.034021484001984216	-0.035753865168149955	-3.4189104963527894e-5
24-12066,	23-12101,	Maumee_Bay	125	-6.833126035682167e-4	0.026837895548104288	-0.055146328963189925	-0.05447712645423463	-0.03261160528287467	-0.040951060946709875	0.047494929633439556	-0.102370806714206	0.07452547772440754
24-12067,	23-12101,	Maumee_Bay	126	-0.00417869820122087	0.012037641115761374	-0.00929619469911622	-0.054658924692769104	0.04723379371084094	0.042694300256658574	0.027847398087686222	-0.011456690312692142	-0.03543016210673317
24-12068,	23-12101,	Maumee_Bay	127	0.009788904310686049	0.11163433476374796	0.046423822546055045	-0.00647367493120116	0.03461489784613171	-0.07546291553250686	-0.04917062367563002	0.02218212894530923	-0.06988314353647093
24-12069,	23-12101,	Maumee_Bay	128	-0.010017805021933284	0.020344630213016923	-0.07832539660098038	-0.04368035934722818	-0.07816623453980183	0.03842963126944231	-0.006486239222025725	0.009180149643919819	-0.02202377661294511
24-12070,	23-12101,	Maumee_Bay	129	0.027619181493470805	-0.024164796481542856	-0.004342418911146494	-0.06256322959347432	0.024195801478441775	-0.026757223413085264	0.008941450994159264	-0.02649718841617373	-0.026648849480370496
24-12071,	23-12101,	Maumee_Bay	130	-0.06497283028660425	0.024464795394015037	-0.053564401249721824	0.08917667495487079	-0.01829737250012839	0.02120604583939888	-0.09010225220838199	0.06441874065508092	-0.02215260007380457
24-12072,	23-12101,	Maumee_Bay	131	-0.01734922025158702	-0.027050020390991265	0.04174327721929192	-0.03828300853051507	-0.03496735304597318	-0.027854580417088798	-0.0461316917663537	-0.0032430581450867382	-0.01315233007316922
24-12073,	23-12101,	Maumee_Bay	132	0.05045411613929632	0.09146126498031998	-0.00780200540937861	0.012127741831306441	-0.04765160315032736	-0.08172090231352744	0.05738267592241731	0.033414661039626016	-0.003383693958860526
24-12074,	23-12101,	Maumee_Bay	133	0.0164092133980932	0.10352250074476564	0.053007334011053696	-0.032353235858301334	-0.015148517048800944	-0.0037594540817333802	-0.07249608434704721	-0.07449465509670844	-0.023916192830268003
24-12076,	23-12101,	Maumee_Bay	134	0.016535740761417957	0.008558066287723492	0.027445649161034844	0.018126836685808362	0.014396336943051221	0.01951681357601358	0.01604337812538084	0.0100339034509401	-0.002501863377263664
24-12077,	23-12101,	Maumee_Bay	135	-0.01120390702843133	0.0063715409237956825	-0.01780017557324371	-0.10768033825868976	0.0550513971066316	0.049258644793869315	-0.017501226286992216	-0.005661360787861508	-0.08988590690639382
24-12078,	23-12101,	Maumee_Bay	136	-0.007777244813255859	0.02049296677474477	0.046760472531825824	-0.004773569966351152	0.052598023859849526	0.09130263907701362	0.01047206595353268	0.03515309848384431	-0.01671592719080507
24-12079,	23-12101,	Maumee_Bay	137	-0.007040850234588219	-0.04048477956771102	0.07465097292057506	0.07323615345560099	0.007616543328911168	0.07848004290206964	0.05534351791094599	0.09312234234220135	-0.004025935851497292
24-12080,	23-12101,	Maumee_Bay	138	0.0052688136919526365	8.891356607016221e-4	0.060155093573372835	0.05400552852646239	0.015492677481117404	0.05841390616212195	0.07709650242210682	0.10968187452222376	0.019607402885839353
24-12081,	23-12101,	Maumee_Bay	139	0.02973996944117092	-0.010197831499807426	-0.06719900578774508	-0.0966590025510528	0.0074006429557540564	0.008814969680498079	-0.004805506033528955	-0.0839200665939555	0.10551653670469312
24-12082,	23-12101,	Maumee_Bay	140	-0.005516811255883787	0.11581845142944655	0.1281739494248767	-0.040393820716090975	-0.010289327021133178	0.00822909883901182	-0.06844544712403156	0.04372725138873948	-0.004096915234762126
24-12083,	23-12101,	Maumee_Bay	141	0.010120642395786087	-0.07438396777517442	0.04389391039251288	-0.029738502643383635	-0.03260102785077024	0.007706251421512089	0.024246471495642078	-0.018540983228516345	0.10434632531242359
24-12084,	23-12101,	Maumee_Bay	142	-1.2280484514407724e-4	-0.04129771052389505	0.04745990873762079	-0.04062538881785978	-0.039976275483814445	0.024907764900385265	0.023621193858611257	0.027630056882398474	0.05941288079462567
24-12086,	23-12101,	Maumee_Bay	143	0.006928057792378114	0.0475521766182187	-0.04277111881575683	0.06441417555678268	-0.1015924357975904	0.03107266683209291	0.01790170824110277	0.10734099917190139	0.004097741548777647
24-12087,	23-12101,	Maumee_Bay	144	0.0055201829215649305	0.05350716232879959	-0.020921855825739678	0.006627273259802855	0.11369567062700774	-0.042141651888087175	-0.0932348136972168	0.05641988924145314	0.029377190325606865
24-12088,	23-12101,	Maumee_Bay	145	0.0021727955159537965	0.012217186162833571	0.04478738661934607	0.0464774026652429	-0.017877929291163584	-0.039916222259432046	-0.06920657456323213	0.037070109521599816	-0.036991299996338475
24-12089,	23-12101,	Maumee_Bay	146	0.014518735513108085	0.024092067738945063	0.024679253309022396	-0.012330617920775505	0.011460268193220064	0.04112690565733882	0.012261110857458948	0.027608921469177844	7.608850406554477e-4
24-12090,	23-12101,	Maumee_Bay	147	0.014639062261154745	0.021716091627296825	0.005798976598844304	0.0075869741612127764	-0.04055506616982861	-0.0019762041377599697	0.037130959618572996	0.06916698083486017	-0.02216644380039187
24-12091,	23-12101,	Maumee_Bay	148	0.018549952212466126	0.003232663663346239	0.09370646825533331	0.04865752010070529	-0.07418311750962181	-0.02961339236142484	-0.10492970092663528	0.026657670900436244	-0.045060455997988885
24-12001,	23-12101,	Maumee_Bay	149	0.031234582549766066	0.10195183104588411	0.09414768251099753	0.010593516070404775	-0.04389749031591731	-0.07006331193015311	-0.0069346846008989825	-0.11564867925531058	-0.12070565718211046
24-12002,	23-12101,	Maumee_Bay	150	-0.035560243702458645	0.10213509813109237	-0.03781362546038843	-0.0036958388962879197	-0.07672136492916609	-0.03364224250980417	0.05978952145412289	-0.01624152601126161	0.020174672597699488
24-12003,	23-12101,	Maumee_Bay	151	-0.008069058171784669	0.007867532983325392	-0.03293045817012632	0.06997739709662923	-0.12539652765033876	-0.04193506995413667	-0.04151161377796816	0.09683174296414178	-0.010158662403273329
24-12004,	23-12101,	Maumee_Bay	152	-0.0020189663544665313	0.02352767760990131	0.025523503595272414	-0.03485390999350345	0.042126108703209805	0.010128459419351317	-0.019255475790698397	0.014992873645081074	-0.0731625324063547
24-12005,	23-12101,	Maumee_Bay	153	-0.07555463497998591	0.028401561269928256	-0.055798550834412625	-0.012290533829980552	-0.005833078003119854	-0.056142408585830576	0.009260043084580557	0.09064421908130664	-0.0376883424100243
24-12006,	23-12101,	Maumee_Bay	154	-0.02488731590900601	0.02075400260818824	0.027514937783014403	0.09918393939972164	-0.07723530638533808	0.05578195528712014	-0.044287396055000934	0.056375297322625896	0.04841676201995287
24-12007,	23-12101,	Maumee_Bay	155	-0.025076959484437632	-0.05780570882562738	0.010088465884999556	-0.008282411218757054	0.03806945497144387	-0.045589061497179055	-0.015140219200861449	0.002510690744040522	-0.01569090760983082
24-12008,	23-12101,	Maumee_Bay	156	-0.02551924200013288	0.00804090066585403	0.05098351461704855	-0.005381905822065016	0.016754109379697832	0.06909322537829807	-0.01553579182893893	0.013810057422655994	0.011870763618562308
24-12009,	23-12101,	Maumee_Bay	157	-0.031576793031300086	-0.05129156641451236	-0.0017897388069614125	0.05350171770236716	-0.05099162722540695	0.07269923362335624	-0.014696331095474358	0.05882397173060483	-0.10049460345484053
24-12010,	23-12101,	Maumee_Bay	158	0.005862915491966468	3.812078723257861e-4	-0.012633668692000765	0.02292724446857223	-0.07725044420457378	0.008106579315596453	-0.0430807487216537	0.026729684763599774	-0.08249729326796865
24-12011,	23-12101,	Maumee_Bay	159	0.016793059732650578	0.01695441641743843	-0.040397699777161726	0.05923298453396735	0.06715053567365734	-0.07231381462416599	0.07153191855696164	0.09031623432738868	-0.006439925584229418
24-12012,	23-12101,	Maumee_Bay	160	0.041246005780150606	0.06365469602867198	-0.0023513824429997254	-0.03805325994862847	-0.0958032605260876	0.0690065975265767	0.0233846485756078	0.0038638460483824437	-0.0029873540090804666
24-12013,	23-12101,	Maumee_Bay	161	-0.03695188396997374	0.04667988309106445	0.0325559272136772	-0.17580804323592195	0.07794476737725989	0.006363974779086575	0.039362853948550554	0.06254396820954239	-0.03307556589896211
24-12014,	23-12101,	Maumee_Bay	162	-0.04260982766561143	-0.06490588699799513	0.04861733438387844	-0.011254072328664731	-0.021717637860385868	-0.012468773906760974	-0.0028066174401221848	-0.0768501853734109	-0.08952086101545809
24-12015,	23-12101,	Maumee_Bay	163	0.0015165696731016798	0.08432489257179798	-0.11509702732364883	0.018344927632640135	-0.02024370119833386	0.026551136411817146	0.04773674042736878	-0.024601520821589295	-0.14720423127559126
24-12016,	23-12101,	Maumee_Bay	164	-0.045281456160452434	0.03301078396741444	-0.03814598171086414	-0.04098462087470932	-0.054798234818548966	-0.052016489975498736	0.05181995726696242	-0.05946769138050579	-0.09540786021712577
24-12017,	23-12101,	Maumee_Bay	165	0.013016462657161231	-0.06662030697354147	0.05245348823244177	0.01625808429518542	-0.05172119537933937	-0.07742447624007594	-0.059650349587604845	-0.02687143889361122	-0.036761426194565974
24-12018,	23-12101,	Maumee_Bay	166	0.05619405244135192	0.05592471734922795	-0.062397250564003165	0.056209324200359664	-0.07066725918604269	-0.0379671295404295	-0.006658678412231334	0.03364191167602262	-0.01334978222444358
24-12019,	23-12101,	Maumee_Bay	167	0.026766160652752783	0.05910417726986636	0.09417485244853338	0.08923515119376717	-0.0372647067709021	0.0837833709655591	0.07246372575351671	0.019911080053526063	0.0235973807919056
24-12020,	23-12101,	Maumee_Bay	168	0.005391797589045272	-8.316522241704736e-4	-0.024599722095034336	0.020377288031221696	0.07752011732559337	0.022765214531028997	0.0012239094548014882	-0.011871854986815126	-0.08973213364248775
24-12021,	23-12101,	Maumee_Bay	169	-0.00656800828928413	-0.07811652502546217	0.04432468093061828	0.0907289616029109	0.041544836767734156	-0.0465119634002954	-0.08993016840790634	-0.01616599331202204	-0.03758699346027004
24-12022,	23-12101,	Maumee_Bay	170	0.017657826962861296	0.11106227699831968	0.03625308758677451	0.029732137129020862	0.13458233443024048	-0.006387107149867944	0.06558059982620079	0.03727270653132027	-0.01794819662626545
24-12023,	23-12101,	Maumee_Bay	171	0.015396909916906697	0.0022054485559210714	0.07370064868461668	-0.06062773235272989	-0.02770914528478719	-0.060655055248709705	0.055651515141414726	0.059249568058873846	0.02680188669456767
24-12024,	23-12101,	Maumee_Bay	172	0.0252147381510414	0.019432305749647508	-0.033149024533355435	0.004275903620105291	-0.01796718250501618	-0.021133905440070634	-0.04746683656418113	-0.03761333893179446	0.0198568971824992
24-12025,	23-12101,	Maumee_Bay	173	-0.010997552397099045	-0.016016891788756572	-0.0748342220668277	-0.0303457322306767	0.07686053413171838	0.029457790225520284	-0.036411702787662134	0.009081402270919896	-0.008395401521479811
24-12026,	23-12101,	Maumee_Bay	174	0.010238955375661938	0.09370431183118097	0.03963178716905769	-0.016965005021644455	0.013314904108197424	0.031901483304463935	-0.05830260834735184	-0.13189229413084352	-0.07413626228733987
24-12027,	23-12101,	Maumee_Bay	175	-0.06608373698865139	-0.027531491804604222	-0.061623360855180685	-0.02713582667434198	0.052592607713897795	-0.03559490855343612	0.09110721696540432	0.0153524752194967	-0.011896698719174145
24-12028,	23-12101,	Maumee_Bay	176	-0.015011800946735838	-0.0551951360300764	-0.02492456030355439	0.008502502695835003	-0.04057202621776778	0.057712176877691083	-0.005965555791548719	6.404390593355223e-4	-0.02255700776547625
24-12029,	23-12101,	Maumee_Bay	177	-0.006028182952660269	0.03273951465758824	0.08308289922107252	0.026959154000942804	0.08697703617940933	0.0207667150218605	-0.00968366332427283	-0.005136242902219344	0.07550496938358145
24-12030,	23-12101,	Maumee_Bay	178	-0.031973361102543105	0.035296510405274005	-0.0722359151547386	0.033802335957406345	0.07042780283985163	0.09272171907961317	0.09910391225017089	-0.043926691332451036	0.033055959929990136
24-12031,	23-12101,	Maumee_Bay	179	0.001766351582430645	0.020685964174599992	-0.006956719174824449	0.03705544150093357	-0.00618974651639684	0.09354660797261147	0.036709174292461774	0.01917683749208351	0.003632652165191614
24-12032,	23-12101,	Maumee_Bay	180	0.0383941805314793	-0.011381710309794124	0.007001176762747868	-0.053561640700456915	-0.12444772593691134	0.05400586418078534	0.02709851615151195	-0.057591170773660945	-0.11650801925783787
24-12033,	23-12101,	Maumee_Bay	181	-0.030453658633175455	0.049597185401803086	-0.030252568792222805	0.05497236245907779	-0.10545992144061153	0.015788789791221402	0.094122367422784	0.009685618178351422	-0.024070081694058908
24-12034,	23-12101,	Maumee_Bay	182	-0.01831789679417153	-0.07222735546614216	-0.02812272142011884	0.0583431743985877	7.610010004739346e-4	0.06414316913748801	0.004447606394046455	0.015747026729814064	-0.007274722216080855
24-12035,	23-12101,	Maumee_Bay	183	3.762063893854158e-4	0.018845455020175948	0.0974561132928354	0.01208834144749426	0.019939401761263336	-0.01404100030696191	0.0639428508038399	-0.0879012661692123	0.0861166335596295
24-12036,	23-12101,	Maumee_Bay	184	-0.057862784830914754	0.034714999622066055	-0.004083102219550305	0.061660545357130614	0.07065412045766017	0.03497525221685618	-0.03770835718470047	-0.06321471795595165	-0.06540884912849898
24-12037,	23-12101,	Maumee_Bay	185	-0.020073953293178296	0.0443945741679268	0.06618731645404766	-0.04128870276782694	0.04022644197774667	-0.06687470819073321	0.01789753545869299	-0.029463234258390352	0.015338137280880824
24-12038,	23-12101,	Maumee_Bay	186	-0.008151889713486899	0.0017209725909834756	0.03342875029002836	-0.06604563927086893	-0.06797848678812919	0.10049211908245839	0.0583484198132581	0.006960995539796745	-0.11462329856319241
24-12039,	23-12101,	Maumee_Bay	187	0.03705839329972468	0.03474422077456919	0.04973286654253762	-0.0033115509200001103	0.025191134000930288	0.04643424338876833	0.032453500497012726	0.03700935748202317	-0.01829106530989956
24-12040,	23-12101,	Maumee_Bay	188	-0.04248739627357574	-0.043182049214217456	-0.06508728368582126	0.07614353327871105	0.025369346175491674	-0.036033805478008024	-0.07769340092351638	0.029365730226479838	0.04901468196474183
24-12041,	23-12101,	Maumee_Bay	189	-0.07231726139503807	-0.028816926489092787	0.04491560648748843	-0.004620678780863453	-0.01977846911491373	0.004543783376327404	0.0280075895498662	-8.058796919360865e-4	0.037843875917507104
24-12042,	23-12101,	Maumee_Bay	190	0.023676843237655475	-0.07501659607626796	-0.019979961603577834	-0.07498630366290489	-0.08659542551092458	0.0031167158541754035	0.03755177897252881	-0.02209280453909609	0.018533934083094682
24-12043,	23-12101,	Maumee_Bay	191	0.05662853081270226	0.11073274435077048	0.1145625047504998	-0.037502012316520235	-0.004165131152603672	0.04250037980960904	-0.06920305971707598	-0.04619118898851965	-0.048892134408035796
24-12044,	23-12101,	Maumee_Bay	192	0.007484017035860987	-0.05980118124476879	0.11948612988824438	-0.0018551873558953626	-0.035804000948352184	-0.01042873399421299	0.07404453751659419	0.06780635926740905	-0.005562674838449424
24-12045,	23-12101,	Maumee_Bay	193	0.018332443112579196	0.0104088830927887	-0.050198625429001206	-0.056970292442355866	-0.0026534421270735737	0.019312865385065162	0.06472405333932917	-0.09080266167152852	0.013447827860076866
24-12046,	23-12101,	Maumee_Bay	194	0.017663514478190544	0.012921104665436578	0.03180783473019183	-0.008328971439510696	0.046118750353331246	0.08145244786911808	0.08195551437569143	-0.0325102839449215	-0.03160443593089803
24-12047,	23-12101,	Maumee_Bay	195	-0.05439213209078078	0.014360487257176872	0.04081661813142106	0.028110083823662358	-0.03723404598546453	-0.08597288603960465	-0.012323055476434301	0.01412498754948076	-0.030767834252147873
24-12048,	23-12101,	Maumee_Bay	196	0.008554371789182577	-0.09399829082007724	0.030406898187753596	-0.05330756279155013	-0.019047917170109605	0.0682346430223134	7.847813191411816e-4	0.03355833484493004	-0.07222849335749257
24-12049,	23-12101,	Maumee_Bay	197	-0.0792174140990914	-0.04129608054219528	-0.01437749835139769	0.1351942512157422	0.10406517648369981	-0.04040148284096209	0.14812102311479505	-0.039322516132466616	0.025504142121014324
24-12050,	23-12101,	Maumee_Bay	198	5.814656826284199e-4	0.04031561467861797	0.058309895122638254	-0.012506047697001364	0.056525861577585025	-0.02253635649954283	0.21105359664504325	-0.01094768984587215	-0.04624027621058212
24-12051,	23-12101,	Maumee_Bay	199	-0.016923146266083613	0.03215506771912147	-0.035568651469010226	-0.0489812422156729	0.08349858527020068	0.04626892763493882	0.12247241636824954	-0.016433447942933777	-0.03355270685824186
24-12052,	23-12101,	Maumee_Bay	200	-0.0186543770416154	-0.07365201694690934	-0.044668125087555494	-0.047823098191622795	-0.015192251890883171	-0.013984669122762658	0.008721524261705495	-0.007203687576702726	-0.07691598328670488
24-12053,	23-12101,	Maumee_Bay	201	0.0022738942452727516	-0.021052918156374893	-0.08408968796686092	-0.05840857528651778	-0.009217894276796569	0.1163533395159394	-0.0014922999809808873	0.08467719791893737	-0.028919711635362357
24-12054,	23-12101,	Maumee_Bay	202	-0.006283332543949286	-0.053093177190369725	0.010080310510968058	-0.016913014121405296	-0.014745991598591626	-0.07753843599930778	-0.004538983360594463	-0.019826709369214216	-0.0769950300027331
24-12055,	23-12101,	Maumee_Bay	203	-0.02029153089566437	-0.06410098833563176	0.02309349149731516	0.009016429430431065	-0.07457315553882435	-0.042650265402974126	-0.07422837653790289	-0.04002631623580902	0.020779588757381538
24-12056,	23-12101,	Maumee_Bay	204	-0.057582694280603426	-0.03520855361330557	-0.07157522711023195	0.010774228297020131	0.0032851916630281894	-0.010218529533804517	-0.014366820305467662	0.033510002640054146	-0.002798661564538672
24-12057,	23-12101,	Maumee_Bay	205	-0.03281177828887843	0.048967685700495776	-0.009125098992015055	0.06811912083454541	0.034794247851921895	0.002418815158939945	0.055055661431915426	0.055383066002845316	-8.799244636418331e-4
24-12058,	23-12101,	Maumee_Bay	206	0.010882726907937517	0.014404927832101243	-0.08062574152771458	-0.012470531983298032	-0.059790184676918726	-0.0461377353482191	0.025461240837104285	-0.026163701975909698	0.08070722187025012
24-12059,	23-12101,	Maumee_Bay	207	-0.03657022463576051	0.049059160110881316	0.005011717929081576	-0.04389172618291035	0.07578616059184194	-0.07235725005423602	-0.0178178326074307	-0.05909488116839257	-0.028135693612601174
23-12147,	23-12147,	West_Sister	208	-0.05612180135101858	-0.06512264770876218	-0.009499844729650413	0.03510233743096662	0.010416193249958992	0.022054215200808993	0.031333036015952165	0.012953715102575009	0.08060584984476632
23-12148,	23-12147,	West_Sister	209	0.018726191249496375	0.028383939966395814	0.006533364622327205	-0.03744726917995699	-0.03755983984020686	0.004639865549459026	-0.09880665598477878	-0.029742762740521487	0.01749910848737471
23-12149,	23-12147,	West_Sister	210	0.004226167688193728	-0.04320647205977067	0.0502416102363328	-0.128064679226788	-0.06995683450828015	0.06711057740010191	0.04021993055016328	0.08082283374492608	0.012594316691770675
23-12150,	23-12147,	West_Sister	211	0.01806810347740955	-0.03814072159063132	-0.0696234015616381	-0.04155281082843869	0.007940320942964119	0.003873256711385453	0.011501507928346567	0.01608333188364722	0.05708255590646596
23-12151,	23-12147,	West_Sister	212	-0.08786418858730494	-0.002643355518157199	-0.024671538960405408	0.0036921280278237436	1.0091803916592712e-4	-0.03013494042606681	-0.05610683303400866	0.06153096961988542	-0.07660090587053917
23-12152,	23-12147,	West_Sister	213	-0.04392630434512127	0.042800105528933756	0.029918146140418007	-0.008395620017106975	0.09160486374595204	0.033840619930411334	0.011033372511490341	-0.02170867051320512	-0.04494967550633233
23-12153,	23-12147,	West_Sister	214	-0.06069367704580428	0.05409433912253655	0.011111506701924572	-0.006249349700691869	0.07666917509758613	-0.08297873188638248	-0.0037991062939425344	-0.01598817745049887	0.0804295722939252
23-12154,	23-12147,	West_Sister	215	-0.04913747834442161	-0.0347395887133468	0.014115718236223875	0.1269314286770358	0.12252753743046803	-0.07707920330199408	0.04800822901868224	-0.006265049672241805	0.015905904990003588
23-12157,	23-12147,	West_Sister	216	-0.023203485835047062	-0.021658552934005627	0.035628361545576484	-0.0034253364703245655	0.03780069056460378	-0.06864257134503386	-0.08168351867102491	0.012328015186236685	0.12800056553856723
23-12159,	23-12147,	West_Sister	217	-0.004174763175828084	0.08161011922872119	-0.03864137167195384	0.04959801405892107	0.03473200575175725	0.012325647900943223	-0.12384043022205837	-0.08937148930652211	0.01244518159297682
23-12165,	23-12147,	West_Sister	218	7.624676846620781e-5	-0.018256452487484677	-0.0028490617506377407	-0.048149802065055404	-0.016962786264544085	-0.04830002524566901	0.09063010832132926	-0.03514256540172587	-0.011215997788956864
23-12167,	23-12147,	West_Sister	219	-0.031271677219253745	-0.01803993289245952	-0.03171463546815928	-0.006266537491924346	0.0692993732118736	-0.03078189438299217	-0.0698474785829769	0.0399871453030854	0.06901354898193986
23-12168,	23-12147,	West_Sister	220	0.00785548869016618	0.026139839437623793	-0.0340051635065611	0.04896424194431328	-0.07185457064286131	0.050724428246695444	-0.04381136482619018	0.14178058328894827	0.09655117168185445
23-12162,	23-12147,	West_Sister	221	-0.011267409066484418	0.02301393241059883	-0.10090980042919626	0.013167906259975513	0.019061475216814176	-0.01752604528915789	-0.035472515508678866	-0.026089754993807078	-0.00717021426612427
23-12169,	23-12169,	Detroit_River	222	0.053423069873225384	0.0339033116979584	0.010047915010067365	-0.021203303996183177	-0.060148303455931425	0.035244022152023775	-0.06183015921001964	-0.04143832430253096	0.04899138604493741
23-12170,	23-12169,	Detroit_River	223	-0.014936749010363478	-0.03183368894681466	0.12012260789224688	-0.029824111004690623	0.007529690795657641	-0.010312994662665186	-0.014216585818229816	0.07136246085992926	-0.02549581300287017
23-12171,	23-12169,	Detroit_River	224	-0.06662880617403628	-0.04557215095686931	-0.05339395468736734	-0.030894715481425646	0.06363716000235674	-0.01980811804511061	-0.02669694202742005	0.05257510255745481	0.04134628725947548
24-00907,	23-12169,	Detroit_River	225	-0.038610168038459444	-0.09429363766233259	0.004846397238235104	-0.02747155680500463	-0.05820628722468033	-0.051614100914188533	-0.02457738109311373	-0.07313488859652377	-0.0269343944970219
24-00908,	23-12169,	Detroit_River	226	-0.018539263244452885	-0.09734076543599883	-0.04158665738611982	0.006302998249967202	-0.008039218483027313	-0.01272002468946282	-0.014873152986823174	-0.06677349937080847	0.014289410346038072
24-00909,	23-12169,	Detroit_River	227	0.03209294388863618	0.034414932124755444	0.06682119247265943	0.04567026861868326	-0.010499283127348769	-0.023077440491051624	-0.041049417237513465	-0.06207857989690226	-0.028247491897432652
24-00910,	23-12169,	Detroit_River	228	0.018404275507979996	-0.010866197381195618	-0.043656645234961274	-0.015023900297549962	-0.020479932699666574	0.03945958391067809	-0.004655202362155688	-0.141202953308819	-0.10370333883309857
24-00911,	23-12169,	Detroit_River	229	-0.026882197983706335	0.03160377435421799	-0.11142075814299167	0.05532613834852583	-0.02091159909926473	0.007358079042128491	0.003253886533046789	-0.0014835429648270095	-0.057561422016209576
24-00912,	23-12169,	Detroit_River	230	-0.05174387279969717	-0.06130491071558766	0.011904949878184742	0.005175840812150653	0.04316003383774935	-0.10996737708178882	0.037666668316963525	-0.035217587086142275	-0.04101461020145486
24-00913,	23-12169,	Detroit_River	231	0.03107691277709575	0.07505493745646828	-0.04855873306027135	-5.692787146821872e-6	-0.04729931912573541	-0.034314879251822784	0.03057615970686963	-0.01260976749418762	-2.0296173707230747e-4
24-12060,	23-12169,	Detroit_River	232	-0.04413225167926009	0.032969544585660794	0.06787990436487731	-0.06822335255350345	-0.0012720520072361954	-0.07088081212264845	-0.00846641016781864	0.09417058329333615	0.06530531244166728
24-00901,	24-00901,	Central_Basin	233	0.016706218280586795	-0.08052587493445199	0.012017121275517812	0.004687891970498714	-0.07011136973922533	-0.06903498763721223	-0.022214586381445054	-0.01918312321863932	0.039060033011338854
24-00902,	24-00901,	Central_Basin	234	-0.04803402938155408	0.042523415060438975	0.012295628594892371	-0.05873132867305886	0.12695594070160487	0.012419607726355468	-0.02823842211346903	0.05339625555697486	0.028057025815779478
24-00903,	24-00901,	Central_Basin	235	0.012438359825196655	-0.08928820082117185	-0.06472117404658685	0.019993426474207366	-0.038673639543369304	1.8258144217995925e-4	0.029384226814965234	-0.03123484625797863	0.025243731714865658
24-00904,	24-00901,	Central_Basin	236	0.0352940493879964	0.013407523742097898	0.09478700408995105	-0.0011601515971578966	0.09046603387385317	-0.004508891852008007	-0.05540056278955009	0.01054435509044343	-0.09138502861370934
24-00905,	24-00901,	Central_Basin	237	-0.035070816965142575	-0.03085933055383398	-0.04939814439673708	-0.09237060707179448	0.0871167960209647	-0.08803067225885036	-0.025924809378949264	0.04576496422495149	0.009506133418794648
24-00906,	24-00901,	Central_Basin	238	-0.08161152619560047	-0.05535678038380351	0.03236827034231811	-0.07271716955047333	0.046468510117116835	0.004858763623297098	0.02464652464581327	-0.03506187600579199	-0.04546572912175129
24-00931,	24-00931,	Niagara_Reef	239	-0.04879545693965841	-0.014656758974275224	0.025878254509232073	0.025401791160625423	0.12636047315504276	0.05211075389981393	-0.03127536029018284	0.02230519990145463	-0.01988450246350282
24-00932,	24-00931,	Niagara_Reef	240	-0.050320401900405314	-0.05095767036761439	-0.036560239761707886	-0.09393505551406409	0.10005860026210787	-0.008721067584308727	-0.014007593703816473	0.029264017844143394	0.05344078359264375
24-00933,	24-00931,	Niagara_Reef	241	-0.014804665665175137	-0.05992753640743428	0.03320383511192938	0.011811837218673453	0.025441357461227315	0.03910383221518123	-0.0027323657778375566	0.023826175364550235	-0.011831933434403868
24-00934,	24-00931,	Niagara_Reef	242	0.0221629183886645	-0.05999260680311661	-0.010022691263597514	-0.01737867705272944	-0.10229599141279566	-0.04428091190271544	0.0663577068925399	0.030291841784309933	-0.021865049075265205
24-00935,	24-00931,	Niagara_Reef	243	0.008543047189351026	0.11200303144654397	-0.026992715571001046	0.03344258912398363	0.09405150727421839	0.09678892651959652	-0.09153111915899717	-0.012147288813957284	-0.058426178394477224
24-00936,	24-00931,	Niagara_Reef	244	0.009819694643398184	0.05244295838749385	-0.10572865841145003	-0.05033331003835708	0.06977076170739399	0.0075008899212536985	-0.00924890858229257	-0.0771477612754775	0.002371470744055618
24-00937,	24-00931,	Niagara_Reef	245	-0.027092843752822806	0.025510968342101883	0.010355211915337193	-0.05003380432313291	-2.573500572593711e-4	0.04077681122264337	-0.10714549542628357	-0.008123137743587437	-0.024108851823276593
24-00938,	24-00931,	Niagara_Reef	246	-0.07058005504843587	-0.04800400590767478	-0.0771553247505068	-0.046886700329543465	0.028429227222186063	0.021307940195362172	-0.037099621650629265	-0.012895817969866061	0.009019621503303609
24-00939,	24-00931,	Niagara_Reef	247	-0.05357156568226804	-0.04934147243256808	0.08258089236130475	-0.09569348999554186	0.017615476580270642	0.07866696454756973	-0.024399968776666107	0.0011249427703240644	0.01703510129815714
24-00940,	24-00931,	Niagara_Reef	248	0.021804508406029918	0.12039577239325468	-0.03844187948158186	0.011065160678098285	0.03498447966445833	0.0022827979901267996	-0.00440628669708443	0.025225164575227464	-0.022351740963280797
24-00941,	24-00931,	Niagara_Reef	249	0.0596507083693009	0.05755467300896568	0.10153753060148762	0.036404209028737956	8.191923323619872e-4	-0.021826841546118178	-0.06752758499367129	0.009666545367770686	-0.07618542619740462
24-00942,	24-00931,	Niagara_Reef	250	-0.05386164587923845	-0.0698439642429416	-0.026268868079774663	-0.06966585937351297	0.11190196015962953	0.11813426250262717	0.11038158135050002	0.020828167512150043	-0.003118537397985113
24-00947,	24-00931,	Niagara_Reef	251	0.04146139245229013	0.03634239425755836	-0.03491133421180993	0.002962385662535132	0.036597266586064485	0.058788434052051246	-0.016869573274232594	-0.0357979084862128	0.06409476656967598
24-00948,	24-00931,	Niagara_Reef	252	-0.011773851055742975	-0.006329164299818063	-0.05917936378157395	-0.020282859251792677	-0.010837414057798258	-0.0502737751761566	0.06037652005954584	-0.0758332673276693	-0.0041123867948783775
24-00949,	24-00931,	Niagara_Reef	253	-0.011988840329401196	0.0498472106742328	0.0015791162308833985	0.09721618506195506	-0.08717828176509046	0.05492597997761084	0.0686278956211038	0.032098636415506344	-0.10142621774533866
24-00950,	24-00931,	Niagara_Reef	254	0.00900099949644605	-0.06621239270166925	-0.018212102357840904	0.03808557836533832	-0.03149495906727808	0.0764904374769939	-0.002275345875453183	0.03689091538439717	-0.027702132496273055
24-00951,	24-00931,	Niagara_Reef	255	-0.05358468081718987	0.05828568119272011	0.0150585092317362	0.02132492995269768	0.06354619311494622	-0.055026642965320526	-0.027416594137487257	0.08322661209804345	1.571468479350073e-4
24-00952,	24-00931,	Niagara_Reef	256	7.330698357538632e-4	0.12991531128093076	-0.011165942278936462	0.025728743993777333	0.037575277954981716	0.026684418567872317	-0.04494998494596585	-0.0660566345930148	-0.08697919832210657
24-00953,	24-00931,	Niagara_Reef	257	-0.009280630921043363	0.01151665335071306	0.038914414835752746	-0.07099229849016946	0.00369485125206053	-0.050291741995671685	0.05681869122500452	-0.04962948214058488	-0.03382334596512568
24-00954,	24-00931,	Niagara_Reef	258	-0.07118799779488973	-0.03970867115832568	-0.06158361477671447	-0.00908032373738683	0.06045346588784397	-0.07145054492445245	0.06573810615373507	0.007395712484896117	0.0558222353354165
24-00955,	24-00931,	Niagara_Reef	259	0.014888383100376431	-0.07508089705589058	-0.044701395238886235	-0.010827606231632165	-0.02261752200166698	-0.11439248942595676	0.052604167203609546	-0.03292844376402956	-0.039749671000245825
24-00956,	24-00931,	Niagara_Reef	260	-0.0063733113440535075	0.014618203729610004	-0.005655290751471583	0.014922683582769125	-0.033180916628434046	-0.025641615776060892	-0.033437326345234435	-0.06355092642840263	-0.0631791147581966
24-00957,	24-00931,	Niagara_Reef	261	-0.04017203922829674	0.02021065323595598	-0.09158240241200942	-0.038816452112565146	0.05718140402580929	0.04836184389377323	-0.06954903816631236	0.003752047115304479	-0.015377297715066789
24-00943,	24-00943,	Toussaint_Reef	262	0.023229872794683457	-0.0038081956766412317	0.10968235397019187	0.08947043127299212	-0.01323053903343974	0.03706402428755752	-0.0019256439066912651	-0.022004097176552252	0.019628413024480644
24-00944,	24-00943,	Toussaint_Reef	263	-0.0409952703477036	0.06632519210268853	-0.012217998188712295	-0.0079679204841997	0.06817803024685072	-0.054212987941109105	-0.08222932874650264	0.07102080827590834	-8.082826015367271e-4
24-00945,	24-00943,	Toussaint_Reef	264	0.002735844654331316	-0.07008282785298543	0.044257101901949904	-0.016722319742646843	-0.05156076817516433	0.049362141455583174	-0.0686543279145034	-0.013121120261344876	-0.005033412903959206
24-00946,	24-00943,	Toussaint_Reef	265	-0.031142029987763654	-0.025168893511339205	0.0060158339971298404	5.290472401731579e-4	0.027340195751033282	0.048121574108676575	-0.032548028543961174	0.02248098958601413	-0.06680770918662138
24-00958,	24-00943,	Toussaint_Reef	266	0.023938476330582666	-0.10454195675219996	-0.017516466314627915	0.03415998096433871	0.031424629143146046	-0.02005969163632667	-0.009261575092782571	0.011078316626519	0.017575555171072437
24-00959,	24-00943,	Toussaint_Reef	267	-0.04773796210532314	0.041398852226294296	-0.062474393652650784	-0.042315382748691024	-0.008792215570074159	-0.008302670673033101	-0.043200219696798346	0.05253777860646241	0.007150967407170281
24-00960,	24-00943,	Toussaint_Reef	268	0.044666515564633295	0.004101907507685205	0.06056138816144652	-0.11281870450452804	0.048208843215546617	0.06043040773145774	0.06551559735952844	-0.04984292288801577	0.036926757531521005
24-00961,	24-00943,	Toussaint_Reef	269	-0.06769974844407568	-0.06225848418688778	-0.06473989407342418	0.032815494250428415	0.0333660139883513	-0.07264040049404717	-0.05398336302260447	-0.0031914066575102554	-0.018788145511037076
24-00962,	24-00943,	Toussaint_Reef	270	-0.0529112152457182	-0.0523846248417908	0.08521086641133238	0.030172071211884394	-0.013444391196599645	0.0018005143968967438	0.10658989730007767	-0.057724930597784246	0.03910138514036731
24-00963,	24-00943,	Toussaint_Reef	271	0.02592179876708798	-0.07334462662065343	0.0312032848442711	-0.00603214869958882	-0.07263152618528596	0.057313254549894686	0.007299000486702135	-0.07104387388408666	-0.06851157470772852
24-00964,	24-00943,	Toussaint_Reef	272	0.029556967448637173	0.04502346167299647	-0.06104070614603766	-0.10273605027543048	-0.007822306119640835	0.10226147897889404	7.657645200883267e-4	-0.019782124982236828	-0.05215713320250845
24-00965,	24-00943,	Toussaint_Reef	273	-0.013206465236650079	0.09247695245557076	-0.09470262956939246	0.012593562698809967	-0.06162211669948556	-0.05906330248975673	0.06403189178093777	0.0041353759827694354	-0.0511474866908251
24-00966,	24-00943,	Toussaint_Reef	274	0.027583225379749925	-0.04474980171477846	-0.06680827813153027	0.025044402697992497	-0.004190952886083187	-0.019448281145648824	-0.06086764872519437	-0.012747402411481566	-0.0032682302199106734
24-00967,	24-00943,	Toussaint_Reef	275	-0.01044566143743336	0.00898217699668189	-0.06825273861105022	0.01407316686900392	-0.029159161507679967	0.010096629635280716	0.010393070502487995	-0.06383241760771971	0.044534639711886315
24-00968,	24-00943,	Toussaint_Reef	276	2.0710135571615562e-4	0.025985240518983627	0.031173121478284497	0.02357814311686617	0.00589883634665958	0.016449580229979815	0.02356503662932225	0.042432238801449675	-0.055476568908951314
24-00914,	24-00914,	Long_Point	277	-0.06743185259105478	-0.04446636131702217	-0.08234985807266952	0.05588008379689211	0.006306839410577047	0.03909855684644109	0.08196318396096527	-0.02359546135167649	-0.04017727260773262
24-00915,	24-00914,	Long_Point	278	-0.017191779373691023	-0.10196939417934502	-0.048640017967156536	0.028289794161374514	-0.050803797422183064	-0.01586812994916406	0.08678256130032055	-0.09240901942040282	-0.13710615901648915
24-00916,	24-00914,	Long_Point	279	0.023035766154219515	0.07279144795823896	-0.013425571651695844	0.0046022079527653515	-0.08748760406403713	-0.041802174606731385	0.10975773551140156	0.1508001604415646	-0.00115626519802005
24-00917,	24-00914,	Long_Point	280	-0.037690799979215796	-0.007791017630721867	-0.005472886944416169	0.023203955235349672	0.016260282998805175	-0.08079248372979454	-0.013182666301420615	-0.07071252569943168	0.04430261353722588
24-00918,	24-00914,	Long_Point	281	-0.022191295806165887	-0.05171435499230179	0.045632133007943325	0.014340725612254983	0.038136858530200254	0.04390648213626528	-0.13153726936666035	0.035085300653998765	-0.060553144677954744
24-00919,	24-00914,	Long_Point	282	0.035144935633175646	-0.01690715027993365	-0.04257033907094713	0.03466154997601118	-0.06334461406945843	-0.10833495684270066	0.07658494307556661	0.044881938826072804	-0.004581101118395532
24-00920,	24-00914,	Long_Point	283	-0.03575333263744644	-0.0651816534091561	-0.017900526726372885	0.036034742234331174	0.06818935651517075	0.024026546794962588	-0.06380141097959799	0.03311838680418494	-0.12732810431775518
24-00921,	24-00914,	Long_Point	284	-0.02689364773080326	-0.03609514157786529	0.04562554408841879	-0.031944798306561155	0.059246391170303926	-0.054059883905627194	-0.025234292067260043	0.03530870275642482	-0.01131512227760179
24-00922,	24-00914,	Long_Point	285	0.021166656706903892	-0.08016283826355754	0.009417919219526557	0.12009129070686071	8.911264179759466e-4	0.10629309913036421	0.026274357770967743	-0.022569458463327495	-0.03247688407245603
24-00923,	24-00914,	Long_Point	286	0.0051676670227374785	0.10909638702750951	0.05101053807368596	-0.03315928775830451	-0.009852765911105857	-0.03981057577330866	0.0583225224849663	0.038501429017726824	-0.022627423080953446
24-00924,	24-00914,	Long_Point	287	0.0038623665326964407	-0.06412283156127259	0.03726495396205126	0.019053495621328603	-0.013201680694529417	-3.1755507121061734e-4	-0.06599310515220595	0.049776208940877364	-0.0992235507128244
24-00925,	24-00914,	Long_Point	288	-0.013005457812014136	0.036913148715458574	-0.05681344330687304	-0.008057371963554336	-0.09107105736925938	-0.06135299621982444	0.07955683600300172	0.04618539444454122	-0.0016751826868146684
24-00926,	24-00914,	Long_Point	289	-0.07094707770301854	-0.011255786396568462	-0.03720106893507102	0.029431838045604564	-0.008872638571111459	-0.07338388760475051	0.05585898826466713	0.05746220237375621	-0.04028552528798461
24-00927,	24-00914,	Long_Point	290	-0.029293878378910117	0.0286162658312215	0.02618882550815245	-0.10424842633375761	0.0063261228176925205	0.010991659956835828	0.009463911608417426	-0.051223611854503595	-0.02727005283305286
24-00928,	24-00914,	Long_Point	291	0.03397164148980352	-0.012597851616829471	0.048778819982190524	0.07545547654797743	-0.13666497576052627	-0.02329231237874444	0.007413388576662255	0.08231275140488335	-0.04973579505321106
24-00929,	24-00914,	Long_Point	292	-0.04108108750159501	-0.014056475048602952	-0.0630893108000272	-0.04452555575616068	-0.08517731862754255	-0.018059412564982738	0.05998671479364675	-0.02350388266456633	-0.07900072338757298
24-00930,	24-00914,	Long_Point	293	0.01361655677569592	0.026691463897292017	0.02179745001044861	-0.05695542802916285	-0.04973807924955051	-0.05905149874940301	-0.07432722103209438	0.019141051564740278	0.002758143887585418
24-00969,	24-00914,	Long_Point	294	0.001478095441718002	-0.07150950602119999	-0.008254654048805427	-0.04842968734720866	0.003640485594976338	-0.011869785641406293	0.03337424978707738	0.05856560684925249	-0.18176672708741506
24-00970,	24-00914,	Long_Point	295	0.0031716959516949585	0.01898486584376526	-0.05999711206126797	0.06821578897485708	-0.038578322863308694	0.06483935188621731	0.07656919880644307	0.028471891689079768	0.013070197284067959
24-00971,	24-00914,	Long_Point	296	0.03525263165681532	0.012796685715542832	0.012814092065791583	0.043418131094630615	0.0352320849693524	0.06090452941366916	0.03817262061702363	0.015590650120076424	-0.052546725411901446
24-00972,	24-00914,	Long_Point	297	-0.018508622846369057	0.02245099537515884	0.032302807200560994	-0.043496826798760095	0.019350512078382738	0.02197885606565446	6.460124242631817e-4	-0.08159717997883513	-0.037104588961928704
24-00973,	24-00914,	Long_Point	298	-0.015526756879800851	-0.06816788988426206	0.07164510954150233	-0.04389412609607299	-0.07385246149746534	0.0015022075486514404	-0.03842234826765849	-0.0070450060069319085	-0.03458538845980977
24-00974,	24-00914,	Long_Point	299	-0.039149404002491305	-0.02884850225070939	0.09544089267064364	0.020014648156621455	0.0784067103706191	0.011449462669979078	-0.0011626431493746417	0.08325157314894534	-0.005867881860987502
24-00975,	24-00914,	Long_Point	300	-0.024785460321206317	-0.011702354341621786	-0.004620781876872845	0.02670606309118256	0.07912745488644578	0.004353612585169875	0.004512649002476961	-0.03786159779148327	-0.16068991940722796
24-00976,	24-00914,	Long_Point	301	0.04525483655182991	0.021111581885028242	-0.01720110206310447	0.05395781475186876	-0.004913647892429276	-0.04290997597278131	-0.06891032490183978	-0.08036650628240473	-0.034648966597212345
24-00977,	24-00914,	Long_Point	302	-8.27372648932119e-4	0.019502183805361846	-0.10602613051864411	0.03981374817366949	0.027849946937069284	-0.07661486858111462	-0.004344891713526741	-0.07401452314774963	-0.015253153751069465
24-00978,	24-00914,	Long_Point	303	0.016324781552788877	0.004393566290353118	0.04504742250714719	-0.0892503739912807	0.02346482742538422	-0.01602692021652765	-0.0011984789032117543	0.11352698899605414	-0.08752084757287122
24-00979,	24-00914,	Long_Point	304	-0.03263520869526186	0.031550898312946545	-0.08845227172644093	0.04492829645590544	0.059966352985804106	-0.027466933935027686	0.005923622300505848	-0.0739542047224726	-0.07055674749288098
24-00980,	24-00914,	Long_Point	305	-0.04520001734577498	-0.06404109106552958	-0.0602557950812543	-0.06915639853980196	-0.033739349494954975	0.017221725256238385	0.022629708438698094	0.06218476640216286	0.09287207357435481
24-00981,	24-00914,	Long_Point	306	-0.02873636584405203	0.01587981655952015	-0.03848397311544294	-0.01792675323530994	-0.07107175342406596	0.006825027870173206	-0.0011602470741873766	-0.0776528386848588	-0.11914170475808195
24-00982,	24-00914,	Long_Point	307	-0.040958753532512916	-0.08769347441378299	0.04424325702540651	0.013532390421540764	-0.010829028617420529	0.15341196360042172	0.10894229816422864	-0.05795844651195585	-0.008727330735894186
24-00983,	24-00914,	Long_Point	308	0.003437703905497587	0.10192084609323518	0.060654372954769595	0.01312067058174966	-0.04469606193614807	-0.006505376738950838	-0.024592832349891593	-0.11450723833423972	-0.047019519346793374
24-00984,	24-00914,	Long_Point	309	0.004691148608982936	0.0021126707368383842	0.06136166724183647	0.029672526245872577	0.006917713172877451	0.05860042903603705	0.19416421268933248	-0.06406956471668428	0.01272507373181942
24-00985,	24-00914,	Long_Point	310	-0.004438325184144085	0.039184825744097	0.028697590052834943	-0.00239870677132861	-0.02558367742762238	0.0526548621469058	0.04208471366033821	0.01867504563915381	-0.04537216483030727
24-00986,	24-00914,	Long_Point	311	0.01360839876358888	0.0035910601292017913	0.04180069632929196	0.04110261732354689	0.04963488865062266	0.06357160631576902	0.04907354825801472	-0.027375540782248922	-0.034350046557234205
24-00987,	24-00914,	Long_Point	312	-0.0069346647470718776	0.024195295786669044	0.1284430505620171	0.11026092856466688	0.1086431301710836	0.06474045952492209	0.14443811125346054	-0.07132307878270257	0.11089294576162496
24-00988,	24-00914,	Long_Point	313	-0.012470021371713247	0.023546351295771123	-0.047648944305934623	-0.04019791816138401	-0.04004140727611572	0.08650654918553742	0.010412574641586729	-0.048197664201342735	-6.245207896519904e-4
24-00989,	24-00914,	Long_Point	314	0.0254229115669382	0.0076199043172980934	0.036718691669916266	0.28494421761340594	-0.02058103907580509	0.11969612268418821	0.07238271215598902	-0.09136885646407372	-0.006594186857409798
24-00990,	24-00914,	Long_Point	315	-0.04193826956146045	-0.056083482883557294	-0.025740289252837393	-0.11484151356505393	0.06674633979716539	0.04649280747223971	0.07533300827746357	0.01852227307730824	-0.08429507551573288
24-00991,	24-00914,	Long_Point	316	-0.0789711616045348	-0.07446971226259766	-0.05189529760570492	-0.043721319978221346	0.12596643526527532	0.06704228684987586	0.03158359279828877	0.03865349968666938	0.08342887204612662
24-06901,	24-06901,	Coreyon_Reef	317	0.141687348926155	-0.03952551415684813	-0.0063675217490070934	-0.0033860048242502043	0.0024449514859061538	0.0030802860634331544	-0.07184772426759968	-0.02409806788866653	0.03336995380791441
24-06902,	24-06901,	Coreyon_Reef	318	0.2516120840595898	-0.04544483603759743	-0.012132680820645584	0.040740815759988974	0.029469067613016427	-0.08258548224016388	-0.0309266931099187	0.012624048178292269	0.05578998255615019
24-06903,	24-06901,	Coreyon_Reef	319	0.2220430841230018	-0.05955640832834898	-0.09033523192244793	-0.009837256934193885	0.0878933517064115	0.05387058961110554	-0.08780491264693474	0.017819982442773823	0.0015911197561893032
24-06904,	24-06901,	Coreyon_Reef	320	0.25128879663439496	0.007059962432567131	-0.023950285468670687	0.024390227087814572	0.08172911282929148	-0.10169482926723891	0.03827360835636349	0.029117487911004762	0.04051431113619877
24-06905,	24-06901,	Coreyon_Reef	321	0.18054869116931768	0.04207415253238731	-0.04487977914918797	-0.08132695851053405	-0.048806616883622124	-0.07143870055767582	0.10374390424716261	0.0405249798303319	0.07404978421525724
24-06906,	24-06901,	Coreyon_Reef	322	0.24321428374664736	-0.08058589275328625	-0.036251562908480986	0.07465356995553822	0.0824901113252021	-0.05251767206288091	0.01554737333088985	0.0178347774248857	-0.07188000801761524
24-06907,	24-06901,	Coreyon_Reef	323	0.18916304587825863	-0.03931547453592167	-0.06680198070411927	0.05103713875899445	0.07435476042366643	0.0032821759557175377	-0.034679653998038046	0.009785213274017409	0.02567405828371898
24-06908,	24-06901,	Coreyon_Reef	324	0.21873793137544595	-0.062444956851538204	-0.024446860508374958	-0.03465920895768957	0.060733996017047216	0.01574350311677313	0.029329554967512987	-0.034809415754471086	-0.02155212891725932
24-06909,	24-06901,	Coreyon_Reef	325	0.20118759884888557	-0.13049162674667536	0.030890397345727554	0.03510886703677416	0.028227492510517923	-0.11304532363035426	0.034482093313662976	0.055144576068999696	0.032562643639077855
24-06910,	24-06901,	Coreyon_Reef	326	0.2688927035542249	2.9632338696403165e-4	0.02853755683133318	-0.012255776223011928	0.05337621532168928	0.004219330705251479	0.030534558236489616	0.058102808152952	-0.031241065946981755
24-06911,	24-06901,	Coreyon_Reef	327	0.22797908776383474	-0.15100078587068605	-0.013321566029610897	0.02899070601027071	0.024283636673770655	-0.016848290436441888	0.007304436599553147	-0.004803257854916299	-0.07425235032424828
24-06912,	24-06901,	Coreyon_Reef	328	0.14670167536731366	0.054296390367244145	-0.06954048909870987	5.245660192387872e-4	0.13552751412968292	-0.08514647476438181	0.019291501771970077	-0.028498114442692447	0.016675371088115194
24-06913,	24-06901,	Coreyon_Reef	329	0.17426448121899624	0.04427095501200003	-0.1410180195000509	-0.030209290242626495	0.09441030470502268	0.11641971774768052	-0.030411814045353158	0.02317601360735809	-0.040901728008947855
24-06914,	24-06901,	Coreyon_Reef	330	0.16672581405405093	-0.15571692000345605	-0.0013223249829830781	0.04406118084751455	0.013363472295414505	-0.08528872133496881	0.02561357153011697	-0.049199851882663376	-0.0056346135575684134
24-06915,	24-06901,	Coreyon_Reef	331	0.16529845658455755	-0.018171719991805217	-0.016469204499085434	0.004793798855190527	0.14455047673503096	0.03131664992751598	-0.04526077719545991	0.1354927010692176	0.04855409734268693
