sampID	pop	.sample.id	PC1	PC2	PC3	PC4	PC5	PC6	PC7	PC8	PC9	PC10
CB_24-00901	CB	1	-0.045032534304173116	0.008851385079217811	0.04834000745286059	-0.10740881295808247	0.021065062826248315	-0.002541340871405158	0.03743861786536121	-0.01548643908426442	0.032890328132479996	-0.039315888447658806
CB_24-00902	CB	2	-0.051420080459890216	-0.005071048102508746	-0.00732138398400789	0.014628721139336165	0.001369808665252728	-0.04069435344305355	0.06549435155623091	-0.010462079609534533	0.1607831001516008	-0.046206752043038576
CB_24-00903	CB	3	-0.003841246785470376	-0.06230313729727684	0.038029233908245016	-0.0038515079427533516	0.08344395705657484	0.15078897027073043	0.1841108712937672	-0.07898469911688527	-0.06286411805126471	0.042697763053365076
CB_24-00904	CB	4	-0.03816218979546937	-0.015993995884702406	0.06327574136532432	-0.08382166422853443	0.1364697513533524	0.3487092501860633	0.4315332823418322	-0.23456701729321391	-0.0879866215790422	-3.037508535433109e-4
CB_24-00905	CB	5	-0.01958791506690588	-0.13148624250890673	0.2384166164399657	-0.1190530706281196	0.3274973040844802	0.19963972739540065	-0.06949296245520159	0.48132543007552564	0.03154648708419863	0.3896168670824727
CB_24-00906	CB	6	-0.06674186250654837	0.023089231526479126	0.00401955335164772	-0.010423819514639728	-0.01788143563230837	-0.06312454423637034	0.04548598554059529	0.05995547202384159	0.00267058415772449	0.034800020149480845
CR_24-06901	CR	7	0.13543128686818365	0.09813776272092223	-0.03728795256218452	-0.02382981366518655	-0.042559279930871524	0.08432683381040885	-0.10382558821380974	-0.09787003993359898	0.08983902571680696	0.0738665337634743
CR_24-06902	CR	8	0.1179993325329581	0.06476396374803928	-0.03645167893489942	-0.005815501654728987	-0.007821016049498817	0.022140301379770543	-0.0730319985314859	-0.04364479014216107	0.05650402508094671	0.03678244261099217
CR_24-06903	CR	9	0.17308435230198121	0.11154809036067365	-0.008452301040816235	-0.07559726551068813	-0.05776790680960002	0.03530917800896488	-0.011587815694509535	0.02920665727222271	0.006715028848455373	-0.019067588000776514
CR_24-06904	CR	10	0.2591156422562599	0.08933050365875331	0.06031505440757118	-0.06964612636176865	-0.0516667653255939	0.09666119783651071	-0.08921187601114325	0.07687938544490619	-0.11414965622780421	-0.07702285623332353
CR_24-06905	CR	11	0.23158337852360883	0.11508231202545367	-0.006583647225399697	-0.07826774140880893	-0.06304662637931223	0.08764182916942832	-0.044601668928476446	0.026001072021435423	0.05210233747133906	0.008328247270046968
CR_24-06906	CR	12	0.3736463170488712	-0.15553199460349879	0.12826108859762264	0.20156856518180347	0.23227511248347207	-0.35324880762422584	0.29305514909845154	0.07604065061615967	0.13767715359439317	0.07466564807733667
CR_24-06907	CR	13	0.3169948199559779	-0.023611954354673375	0.04201363566669454	0.12289153978863984	0.1245841147646612	-0.2752232818235298	0.21071431543874086	0.0910112616190431	0.02389659566206051	0.0031258638639015124
CR_24-06908	CR	14	0.24096416741036186	0.15504946465190295	-0.009953585775635748	-0.09513123982347034	-0.0724064354445035	0.05393796161166889	0.014453913569155152	-0.0057803732744896585	-0.15601086336898815	-0.10856796872754898
CR_24-06909	CR	15	0.15220237283806498	0.03884616706407228	-0.02558225686196427	-0.05475781748987876	0.015416423980444266	0.11396458200916128	-0.17207270644378575	-0.15437979055548462	0.18709201984303686	0.1756379575672005
CR_24-06910	CR	16	0.17083517317723207	0.09314082839203489	-0.012813213045002884	-0.020378680372402577	-0.029436332489876538	0.022579766111382852	-0.023942063358022292	-0.0075151078206878025	-0.0412414435264619	-0.048872362119164486
CR_24-06911	CR	17	0.18971967090368264	0.08406724619482937	-0.011938784907992757	0.034363288680117746	0.028170612765935132	-0.13509069468722829	0.12240576262407177	0.05438123654065611	0.015117420227948222	-0.00839049820543894
CR_24-06912	CR	18	0.2078097236076766	-0.008224878342115329	0.022313098812941485	-0.01744360144395591	-0.06509616905072563	0.06997472113462411	-0.02218189032973608	-0.0303616770462244	-0.10241334955496195	-0.0365544090862254
CR_24-06913	CR	19	0.2617631832731564	0.07589180837739283	0.03499275113298885	-0.04697790923873478	-0.049638639821986685	0.12569914288641226	-0.10110402892198468	0.06345878397166174	-0.11013173239948203	-0.06571241546348999
CR_24-06914	CR	20	0.22846359237832106	0.1305038762164211	-0.03230227597416536	-0.04681763111209919	-0.060131541182167125	0.06728621354427071	-0.00298467975894684	-0.024693056940764152	-0.1425736792665694	-0.09237016439555479
CR_24-06915	CR	21	0.19218686990361133	0.07126047253209494	-0.006043809983380049	-0.030759622004364717	-0.057886726383512	0.047948453427658494	-0.019973477187750832	-0.015187234335537078	-0.08650466752558775	-0.017820469017305385
DR_24-00907	DR	22	-0.04040846642385695	0.005899167045347563	0.11396645890868383	-3.0368360270576975e-4	-0.14884254929987828	-0.01588996596336708	-0.0016581012060616906	-0.01467385588407194	-6.631053647970231e-4	-0.015500185365029479
DR_24-00908	DR	23	-0.05182326253957887	0.03224898412516186	0.024006226118343677	-0.06459942890086483	0.019178527187557443	-0.027453913138426368	0.0030908511887339507	0.017780405922273767	-0.005362555039989336	-0.025043295384774233
DR_24-00909	DR	24	-0.04349502330692125	0.03571709194306226	-0.019096807015030505	-0.022495000355459156	-0.031620181790681004	-0.037658673662647274	0.014035520272459912	0.017147789784022476	-0.016533813325573243	0.010731425473765696
DR_24-00910	DR	25	-0.04559498762506855	0.02804035462265518	0.049315330049048076	-0.03426931923563832	0.026536163819383632	0.013963298069485479	-0.04775126046784006	0.07909298788946269	-0.06211178432820544	-0.11943426475072409
DR_24-00911	DR	26	-0.054452687180524983	0.05106483702460238	0.03026657933548251	-0.059516743437109894	0.03739984247259054	-0.0030491966432436707	0.011278898066180681	0.08790580773494859	0.00845800784682088	0.04898213408987434
DR_24-00912	DR	27	-0.04996373926799939	0.06270951815372436	-0.016488480344454794	-0.02725997727305018	-0.030041443772166526	-0.0345041627533971	0.03268077303042939	-0.004418388949090496	0.010992464278496539	-0.0077441087720960256
DR_24-00913	DR	28	-0.056273365384219155	0.0631140493303247	0.0015038278616043763	-0.051933170634239544	-0.014755025595600914	-0.03951195885067702	-0.005276596626617419	0.032006674864642676	-0.007663686080196297	0.01502193488663274
DR_24-12060	DR	29	-0.02566204606667327	-0.05994109782861834	0.1490497914645845	-0.03544916059000642	0.15775000395847452	0.09698329382576834	-0.1841251790621146	0.19831714899160796	-0.09149085157533085	-0.32918456057845213
LP_24-00914	LP	30	-0.0471022456042229	0.028200902215617493	-0.05167051366857789	0.17159173316889084	-0.04476246149293679	0.09232287054581825	0.028500226353000896	0.09648437637685325	-0.01281620726092935	0.01659629571976927
LP_24-00915	LP	31	-0.0450909847551993	0.02690085982473748	0.012087242289307206	-0.014765147316968723	-0.01987873771070625	-0.031520987767414604	0.02044175684433519	0.0048775047285222195	-0.011882388694835606	0.016076290405678498
LP_24-00916	LP	32	-0.04802199192286011	0.01563052164366575	0.04820746596058127	-0.004497077136360802	-0.05102098520320158	-0.00893518942970395	-0.009749761160854083	0.020353760272197152	0.004731775315749226	0.036929029057395174
LP_24-00917	LP	33	-0.06186790040037372	0.01939994312756611	0.021024500276193545	-0.03145943335750381	0.015802070883587035	-0.06307466811900381	-0.00852152031608864	-0.017861280459256872	-0.007756391533280151	0.02685715850866871
LP_24-00918	LP	34	-0.048594225398979105	0.015538414778383173	0.02198299430938966	-0.03824355012246076	8.677445924425329e-4	-0.07727659738315049	0.04244714657764182	-0.04021426396007192	0.05037569953853603	-0.046210768168406045
LP_24-00919	LP	35	-0.03144945860578732	0.007490408855142704	-0.003593483067292252	-0.08153560244813847	-0.02891501867072298	-0.049554060929048155	0.02890995841780832	0.0500092007322443	-5.915595761933692e-4	0.04575126124143012
LP_24-00920	LP	36	-0.010179581866439824	-0.06410417937366714	0.015319488474197602	0.03370085349913957	0.030878760052952134	-0.06322297272717914	-0.06256170007270205	-0.0657756859081587	0.0019452534928706938	-0.04032242234488432
LP_24-00921	LP	37	-0.03348915293540601	-0.026739847336887255	0.0020885238854638382	0.016790785021234985	0.0426693075796874	-0.047040956034756734	-0.06598401489025418	-0.05971551383342225	0.014250029894857722	0.008905297282679293
LP_24-00922	LP	38	-0.03711628368228651	-0.021049643757125307	0.026437818878868004	0.1211315029554424	0.01831525043616792	0.049975740204709546	-0.019746300234798356	-0.015990456431890655	0.0879809265573937	-0.02982586868421929
LP_24-00923	LP	39	-0.025976445346519255	0.009900077488767867	0.003982649948982393	0.010801057856293352	-0.012559300551605593	-0.051682161271750085	0.02825355340781646	-0.025952733909113148	0.0380758851299357	-0.025990627932787256
LP_24-00924	LP	40	-0.007983482534519498	-0.12649012947685756	0.2960977658464756	0.0397852922628653	-0.2712080315650472	0.025400224503230484	0.01767935827046623	-0.059377880413709665	0.03490754323151932	0.012330708046866212
LP_24-00925	LP	41	-0.04039810922971056	0.010654318499128243	0.022770631181387422	-0.03391274796328619	0.007867410601994265	-0.036438391790963046	-0.010182835639025231	0.019256514696069225	-0.015023403107530408	4.056203983187987e-4
LP_24-00926	LP	42	-0.04427862968691284	-0.026146657007423305	0.09419421122975534	0.005373452176990796	0.12367815722049551	0.07886637462333076	-0.16607123096750945	0.18269893659017417	-0.06095900128025973	-0.31481677474557007
LP_24-00927	LP	43	-0.04498113832070152	0.02764349548575516	-0.021033347947998635	0.030893453516253864	-0.0687569013099188	-0.11959290877746467	-0.018595137481111437	-0.032629315045567986	0.07797076249041274	-0.05414503581092937
LP_24-00928	LP	44	-0.029137339809182865	-0.00920613914082486	0.027705810967908365	-0.05532277182234481	0.008346594977208903	-0.06626321077786752	-0.02240040661493189	-6.456226826725003e-4	0.015200949121687703	0.0024039624240325677
LP_24-00929	LP	45	-0.053979336204326336	0.005199924622791315	0.07109966407943026	-0.019510953190529805	-0.01683663496374153	0.003507314277217649	-0.001987674279670267	0.061229886647469145	-0.0024466002674962527	0.07200087713052893
LP_24-00930	LP	46	0.016309459319022397	-0.2782435441412467	0.5934738195702078	0.06794000344622762	-0.5030408993147785	0.04015772439225072	0.0019709598622259373	-0.09636540250043035	0.0473238605172454	0.02550137695991618
LP_24-00969	LP	47	-0.034805039244811306	-0.074401993094347807	-0.09673874908459859	-0.2099710143996479	-0.14212678464780537	-0.042446079641874045	0.1391188469711377	0.2000641289194129	0.037731561497808576	0.056792773742747944
LP_24-00970	LP	48	-0.009010308631914843	-0.18864898691933862	-0.28347735321148465	-0.25435731706176157	-0.24702635188885666	-0.0035926814290581713	0.14516817875373536	0.22404559253913556	0.055276978683442855	0.029726962737256456
LP_24-00971	LP	49	0.09826253161260413	-0.555491053288466	-0.3672136811166458	-0.18684553796785636	-0.14812944295889438	0.07152891093446109	0.017556556323431484	0.05888328754264525	0.019438457987127702	-0.08603383986536167
LP_24-00972	LP	50	-0.02908075929900916	-0.07056540020571796	0.07745438368870634	0.02705111440799881	0.059598551107463975	0.07723615531503515	-0.06265668991564619	0.03022974503961532	0.25203169408473186	-0.09003667592747519
LP_24-00973	LP	51	-0.024080270457727627	-0.038541448712953015	0.009449066554623745	0.0046558818042067305	0.05855044597087247	0.018589763908063293	0.01713836894883668	-0.07758180406107557	0.12052432386527938	-0.11688741539386097
LP_24-00974	LP	52	-0.05220368002770242	0.009137876196874634	-0.03838443294901148	-0.017338883971975628	-0.026101948994225035	-0.09052584254515564	-0.06109252637580694	-0.14223910503448	-0.141747177098606	0.22104132590815784
LP_24-00975	LP	53	-0.03886434300076883	0.0019529512996485858	0.005971397749647378	-0.003246655576422715	-0.014737165872839554	-0.12212499014387447	-0.008786612001880814	-0.026210687725433442	-0.19924925118538395	0.09099149671462127
LP_24-00976	LP	54	-0.04584361770508356	-0.03809314079155529	0.022601188222756387	-0.03437737153303755	0.018463147879847607	0.009738160893255559	-0.003187155998447975	0.02571309261677504	-0.07653025481145044	-0.03098657046593766
LP_24-00977	LP	55	-0.02939210907910111	-0.018754733100232724	0.01117465777555846	-0.0071404934564212735	0.050320876614821375	-0.055446719820197304	-0.05269035472649285	-0.04195877446450269	-0.037171329352079424	-0.028202997737986634
LP_24-00978	LP	56	0.007534935685309425	-0.11565471092828432	-0.15663278660882277	-0.11742980470236283	-0.13468153111189735	-0.015445561277696807	0.051994957801437806	0.08990648330405078	0.0022277549484869333	0.02658126696062046
LP_24-00979	LP	57	-0.036682993991410603	-0.024149079099639183	-0.008315196995739727	0.02340198566824836	0.049656564406402766	-0.04787160038100341	-0.07087161410307327	-0.05114475912043211	-0.0431885599012061	0.018957859724393854
LP_24-00980	LP	58	-0.032256456524052825	-0.01118108106620522	0.01628737856326987	0.011112491329299326	0.025015278587377614	-0.019595674573168367	-0.005641240813779342	0.022494389886539214	0.018740190367331246	-0.011276494313095731
LP_24-00981	LP	59	-0.014206657699813413	-0.11014473266454218	-0.1033504839111301	-0.03417602715898894	0.02727020918755823	0.018433865816682403	-0.026925913477267208	-0.0430330017583244	-0.0061392655166977676	-0.12624669230383756
LP_24-00982	LP	60	-0.03665106823096257	-0.02250031406608404	-0.010342275161934537	0.017466485238683927	0.046606994875705396	-0.06582913221198561	-0.07367789959268288	-0.07076781447754896	-0.058345748679259075	0.016023583601690553
LP_24-00983	LP	61	-0.03796807560302057	-0.03938770253734596	0.007786324429009875	9.216798496002603e-4	0.099906051682213	-0.0037368818172796286	-0.06980225910343206	-0.0688384863053959	-0.16938246972214485	-0.023229600575145642
LP_24-00984	LP	62	-0.03416023307217582	-0.04647174557681465	-0.002156904128903323	-0.014686464007065605	0.05236258128510642	-0.08912446775819902	-0.03576336217534355	-0.07624189430191756	-0.0699012394835398	0.018826633919505172
LP_24-00985	LP	63	0.06443491691402566	-0.3017755222132343	0.00917937785918716	0.16166646433165935	0.1994277921071252	-0.07884022501008026	-0.15426095811862917	-0.17588258066083534	-0.07228709036357638	0.019211030635332978
LP_24-00986	LP	64	0.08654721366458004	-0.39908282904825737	-0.08949149110160888	0.09902705342320768	0.1371907363208759	-0.02764271518065318	-0.15512695564756251	-0.16061860011629997	-0.1725831591116089	-0.024754881870452154
LP_24-00987	LP	65	-0.04046886631712951	-0.055401048375552694	0.010687658287099005	0.0010924716963067597	0.12627925070891624	-0.002467972663318366	-0.07480807261203593	-0.09267585308662324	-0.20386006181840194	-0.0448611683956618
LP_24-00988	LP	66	-0.04999631838170837	0.02166855487457776	-0.0015961739689268233	-0.03100614019103885	0.039995129595502846	-0.030041868677352753	0.0030751040728654753	-0.031933074024986775	-0.01140620771358304	-0.028600578716047112
LP_24-00989	LP	67	-0.03191055182688177	-0.0015763581166965918	-0.028074375474953665	0.03121811119639073	-0.02397819822648073	-0.03547762865319496	-0.0644267389811442	0.008753730139835351	-0.03173264118979707	-0.012600513299331552
LP_24-00990	LP	68	-0.04678516693168743	0.04120681925539307	0.033849141647773924	-0.018688160160351498	0.01968630458484972	-0.017135654702936563	0.007728851552173107	0.03935130306085127	-0.04725599708478705	-0.0771061316626099
LP_24-00991	LP	69	-0.041306460156228304	0.028096898280714048	-0.0017206207674609435	-0.03421178834158826	-0.019301202906882912	-0.03982411168270286	0.025602667367625325	-0.007316869127178931	0.0047749242606732745	-0.016353261423913495
MB_24-12001	MB	70	0.03861171246432974	0.05698097811939151	0.005153984696572569	-0.03688422497959188	-0.025670455731455617	0.02157698071501718	-0.05916406767893692	0.0055407162965493174	-0.054428169991181226	-0.04676605450125923
MB_24-12007	MB	71	-0.043930071322673535	0.031439610472569865	-0.005115398156696699	-0.04328069318774969	0.011852355128449845	-0.013344733356214238	-0.0013861233735304177	9.390667370121437e-4	0.01013858404139003	0.02596900111091191
MB_24-12012	MB	72	-0.02145392030159519	0.011060685983462337	0.02404559267220665	-0.07482307662091316	0.06284067034230373	0.03195461513470408	-0.014216569066362497	0.0653586865443658	0.11235465184084634	0.03746440061653254
MB_24-12042	MB	73	-0.009856446846810033	0.023388984767611906	-0.02864416386986574	-0.015959937494322396	0.030371060410225924	0.012876905821368346	0.007683819504434438	0.033868474639451654	0.09650543248635218	0.01670607908021787
MB_24-12043	MB	74	0.005070294305278643	0.04385754005650831	-0.052712101613289424	0.0428888319500577	0.003163369947481376	-0.08468064746857945	0.08501924870135961	0.01139205904968836	0.11342628687440962	0.01543654561922262
MB_24-12044	MB	75	0.02561857995608145	0.04118662088321149	-0.043387805534582366	2.9524088840709447e-4	0.02172943969553253	0.025055416815580586	-0.08737611027598552	-0.0496180559567269	0.07716445588884134	0.07590072669908914
MB_24-12045	MB	76	0.029906005956191233	0.027947282735289885	-1.694183122552395e-4	0.03175940960917232	0.02900050817141461	-0.11975744188888167	0.11253310581722409	0.00942414300204283	0.13988719447181264	0.008699922002349172
MB_24-12047	MB	77	0.07466379051007231	0.034850179313340404	-0.050044180663108506	0.03833467344333575	-0.008700132386967513	0.016324976313171105	-0.00700083604336322	-0.014841257064956597	0.017515782666046517	-0.00496579846617393
MB_24-12051	MB	78	0.02953989609746023	0.01434969917048437	-0.05034715697472414	0.04308636914350054	-0.03431829636162001	0.04004408164479134	-0.0032528019321132716	-0.01611796668139054	-0.014917383564272267	-0.007007998138694065
MB_24-12064	MB	79	-0.02202011203763967	-0.08830174724045549	0.08658776812374182	0.08741863972600941	0.06852158113289479	0.09430551232542361	-0.018389208325235013	-0.02272785704938576	0.17682656889134754	-0.06857238565320671
MB_24-12065	MB	80	-0.02452680301294814	-0.0027543831957842855	0.02012985045141525	0.004611794130838618	0.03293748551401124	0.03506817578270353	-0.013252003136867238	0.036373791063543014	0.10044523131806547	-0.03851779609815081
MB_24-12066	MB	81	-0.05303948193306878	0.03058251056273854	-0.010292158608091224	-0.02001624799649085	0.022354225940341508	-0.06302428287583944	-0.010653355587135038	-0.04872474051652542	-0.018268314593537168	0.00694627413216304
MB_24-12067	MB	82	-0.051778260889377876	0.005078183780284005	0.059803555781796934	-0.10127096109936853	0.004023981684128232	-0.02659856761133935	0.03135817453963568	-0.010385208756196352	-0.024383262202677107	0.019025375223528554
MB_24-12072	MB	83	-0.05864627225002696	0.05222909946557738	0.0041704661092843215	-0.07761612387437976	0.01842890616061387	-0.029695271049775516	0.022045073614118452	0.020323498335441288	0.008907921613460712	7.667140838551901e-4
MB_24-12073	MB	84	-0.05048447911303321	0.05012059676440022	0.020902059189419127	-0.07904052329933785	0.010404146946166211	-0.038535732543234016	0.0040600322566974115	0.013980721665256227	0.027889345431431498	0.013324348590594478
MB_24-12077	MB	85	-0.01919193362004309	0.03218158300497141	-0.03793126131337256	-0.01724358325571976	-0.005954277159991548	6.998443607961497e-4	-0.037469475250439824	-0.022917458121293116	0.05125052750530303	0.02612409942681438
MB_24-12079	MB	86	0.027370994535407703	0.008391116152147238	-0.06856517429024621	-0.04743095127462994	0.04166227810193743	0.11606342612291974	-0.23074014532745785	-0.19076393143580633	0.2523460089189846	0.2730471237781974
MB_24-12080	MB	87	0.08468349064350533	0.021715479856224358	-0.1083401238155136	0.03827243169811904	-0.00351893034276651	0.11852880333603583	-0.16994817937767442	-0.1519114141504267	0.1592128142838674	0.16183469480048732
MB_24-12083	MB	88	0.08527535668256875	0.03432761890403971	-0.012658210306815814	-0.038317573176859306	-0.0024170503592121414	0.06720511244396389	-0.057803027419970225	0.017217518729555258	0.10401199579638108	0.04671210872354726
MB_24-12091	MB	89	0.027381250845502986	0.03287494571763714	-0.02611279611278868	-0.03726716862725047	0.004921166880563146	0.032970823231086514	-0.08180279880775225	-0.06369143897082952	0.1264164120531429	0.05030345995372699
NR_24-00931	NR	90	-0.022359929451524308	0.01008910266335957	0.007970118810338926	-0.008501394104235425	0.01331976633943112	-0.0034250882072804838	0.011679965627774042	-0.016206097627640175	0.024514856276912904	-0.018385099726219566
NR_24-00932	NR	91	-0.016193076534437776	-0.04747867761504409	0.026645781020939095	-0.016639983825233143	0.025406873571633303	-0.058271792167158415	-0.01172384894605272	-0.02456662564293388	-0.03500704401057344	0.06379258614344843
NR_24-00933	NR	92	-0.0537454057810576	0.03217041921302663	-0.0044221640226886315	-0.012771375581577466	-0.023682040530639766	-0.1169465199410836	-0.0038589283778676714	-0.04551367764062911	0.091336750300607	-0.08847585052214867
NR_24-00934	NR	93	-0.05277197194730405	0.03050246112430029	-0.027722378824368656	-0.03738133208025266	0.0786825847260698	0.0011573904780537636	0.035624937342569885	-0.12407030245048375	0.2427816550381558	-0.2337761583074903
NR_24-00935	NR	94	-0.05106936583611416	0.01689192131507912	-0.026820596722086015	-0.04356041868196702	0.016017456472979176	-0.017571849064319675	0.02414589182948651	-0.024779584764274665	0.002448588284213453	-0.11819855277189949
NR_24-00936	NR	95	-0.05487406414027894	0.04166132102313066	-0.0018888453412378124	0.009607758637904154	-0.014970839481205889	-0.07090204429533435	-0.05900837714721768	0.02667645015277807	-0.03144613926791092	-0.025595290842669212
NR_24-00937	NR	96	-0.08027250567734086	0.04539790770081798	0.004141174200205586	-0.03807829208040295	0.009348487410433398	-0.054648678181187356	0.07775108865180967	0.001854478356991436	0.15692710308681082	-0.06211113763832393
NR_24-00938	NR	97	-0.07272340614194028	0.06161583916288768	0.01212824145262854	-0.09448249394029534	0.07295075474943155	-0.027401336624686853	0.05022771922770825	-0.10640254874904566	0.2190002537497876	-0.2183885224315711
NR_24-00939	NR	98	-0.06545777178693969	0.038569528548403606	-0.008977831092572308	0.009862093871288297	0.007701769985690962	-0.04191182902960206	0.023988947148965892	0.007072060711706315	-0.04412598489174951	3.2271810445177584e-4
NR_24-00940	NR	99	-0.02409958880325726	-0.01961577561958453	-0.007764642768857344	0.002756847389186442	0.024363314402977787	-0.03306266180034402	-0.007703130606250752	-0.017054616772826332	-0.02337219531668894	-0.009287717520432354
NR_24-00941	NR	100	-0.060674244401115525	0.05490067105373959	0.003304841482181735	-0.012940393822667184	-0.035322295808337734	-0.10564436971857491	0.07204463779120225	0.02380414753538046	-0.11725444245615686	0.08792211326699524
NR_24-00942	NR	101	-0.05506866778314737	0.03468424006464564	-0.04527602142718511	0.07250793290090893	-0.01190984211800727	-0.021685064858101975	0.030692968585367915	0.011404334720534978	-0.04511685790796646	0.02140290517082806
NR_24-00947	NR	102	-0.04660433441074078	0.032874058642556284	-0.02952459316001131	0.012061595874666571	-0.02148703330354069	-0.07895929850695646	-0.020478687736990794	-0.037783935802299363	-0.1290051881063342	0.09787368034123563
NR_24-00948	NR	103	-0.04837292789955796	0.01147791374730158	-0.003466478567962639	-0.012029772997951443	0.05198121125186869	-0.003351004550429526	-0.01336244834559816	-0.02445782132274934	-0.10307627919508854	-0.01328707012412455
NR_24-00949	NR	104	-0.020100910727570562	-0.030383810173241547	0.02263116881614642	-0.020391988541540174	0.14683644106730695	0.36646101779942436	0.4179670722872513	-0.22820126372559174	-0.10027840708720107	0.029702564123101738
NR_24-00950	NR	105	-0.047933422786167565	0.044110781264560854	0.004910453807240268	-0.018532951735970058	-0.012951713259179343	-0.021967914008182647	0.03718188835052114	-0.002311218513129424	-0.01521100402719988	-0.01062077182332085
NR_24-00951	NR	106	-0.04420981371324283	0.03729924939632956	-0.022059216817048286	0.06249501713928368	-0.006440007520635241	0.05229106461601321	0.01920885671973642	0.03059038023595658	-0.02632986581444778	0.02778464478374315
NR_24-00952	NR	107	-0.04883308828976508	0.02348701730385966	-0.01859869325706096	0.09605041956072743	-0.008486288829711022	0.08760562034716864	0.02171378675827896	0.05484363930829668	-0.051932899721129064	0.046198637178614284
NR_24-00953	NR	108	-0.03460574552802901	0.020224352026473155	-0.04405875617560907	0.11043427432616004	-0.012520152909246548	0.08887749212693952	0.013915770617076549	0.05890501267214832	-0.052133516259674655	0.021926496007451356
NR_24-00954	NR	109	-0.04164798958842413	0.013366715265325537	-0.010341549349811796	0.060324125240046565	0.030159837608413228	0.04290067080574294	-0.0592789209661417	0.09273520624437165	-0.02887881656346994	-0.1424300768591605
NR_24-00955	NR	110	-0.04034480766606894	0.025382212043829906	-0.003110030256726593	-0.006037892469772038	0.006125323738984156	0.03086519583608839	-0.0012170180036153357	0.02116741973383253	-0.012251344829670692	-0.030980384560625487
NR_24-00956	NR	111	-0.04115555355073401	0.01265992118835784	-0.0204281089934034	-0.003935156959733363	0.02006168003174862	-6.96960265525552e-4	0.0012313915343179212	-0.023002015970715564	-0.007125799507006794	-0.022229022156477797
NR_24-00957	NR	112	-0.03662096247067173	-0.01119682841126951	0.07900924029538307	-0.022779790213308983	0.12570309248114098	0.09412183097865358	-0.025496479722950174	0.20395540819244196	-0.001637366366245339	0.17728780682974207
TR_24-00943	TR	113	-0.05120224967964506	0.030560624091524477	-0.03265540455610768	0.0376153168202173	-0.013360228390132043	-0.0011287129708871238	0.0346494481482518	-0.012994382718967997	-0.02176881704072871	0.032568609521729075
TR_24-00944	TR	114	-0.043532900892221595	0.026344975272486117	-0.013599806906619627	0.029740434205481094	-0.018397373131731374	-0.040944252533727896	-0.01966626839350043	-0.0087426719994822	-0.029661177754245992	-0.023600332077903293
TR_24-00945	TR	115	-0.053507535760938904	0.04275447025262052	-0.0022391223053537996	-0.030834435865843585	-0.017539844792673967	-0.04500029952551541	-0.0033463709013161784	-0.007378506711359777	0.00669448116855312	0.024651482116496568
TR_24-00946	TR	116	-0.07825717719453328	0.045662740422251366	-0.012489037439543101	-0.06698905200646697	-0.03959147575826269	-0.10932341590471134	-0.04471090845938984	-0.1325294642368851	-0.14725038510387464	0.22845657352442034
TR_24-00958	TR	117	-0.04640568664296726	0.046547064737040775	-0.006666390363792048	0.02417650206083011	-0.06365882569808552	-0.11249461981144963	0.045039350205154864	2.3569353574189739e-4	-0.15997821664402975	0.09580746067362225
TR_24-00959	TR	118	-0.03612918880605035	0.019637438782727498	-0.016187417219766978	0.03785585174203438	0.013770785639542642	0.02818761455859687	7.849832708337271e-4	-0.004593142861161949	-0.08221783517346547	0.015671164696514143
TR_24-00960	TR	119	-0.03772456356681939	0.049611054492826004	-0.009827542011931771	-6.585963375839241e-4	-0.03422236434319699	-0.02052950813888442	0.007645626594017034	0.005447094567552782	-0.035516306822033314	0.0030775375049654453
TR_24-00961	TR	120	-0.04584144688400559	0.03248615748405654	0.005521388372335854	-0.022953127076196077	-0.010749899561625609	-0.0010984977466698912	0.06519009217306988	-0.034460193003724236	-0.017354990743027432	0.004850136411609653
TR_24-00962	TR	121	-0.04893310083094138	0.03687570661060265	-0.007731837365421476	0.025606916471925447	-0.056021346390673965	-0.08947058992576179	-0.019646136522700103	0.012460221938573338	0.0075933827159725235	-0.02217135730453713
TR_24-00963	TR	122	-0.031689137013756356	0.03319590363635362	-0.0236901166398631	0.027429169102168784	-0.01708377880777741	-0.030788225566641014	-0.03085253296739447	-0.008066494854985845	-0.051262115093934545	-0.009911624806337295
TR_24-00964	TR	123	-0.030177501092187337	0.01477831623971346	-0.045421203635876435	0.09873978017045268	-0.03062067357655822	0.017322439891677033	-0.01355525185378234	0.008245764807637196	-0.04413055807259884	0.020711138744779273
TR_24-00965	TR	124	-0.044129566038930784	0.026219276208264614	-0.03884070472854923	0.06533234939329158	-0.025381929341954556	-0.021192044229464406	0.024911842941174305	0.03601310063326625	-0.007031997149443706	0.022090774656117845
TR_24-00966	TR	125	-0.045718580937236415	0.015015489908566578	-0.10376433235726992	0.3187502570267751	-0.09671534821191641	0.09803024951417638	0.025829115240105224	0.0950210895481002	-0.0031923318583425356	-0.0030084648474914405
TR_24-00967	TR	126	-0.05094198107002152	0.03741999512141844	-0.15026225443140864	0.4099646181060363	-0.12273989574780027	0.13610591952593593	0.03499100995959622	0.13941257392534076	0.02416120911225072	0.010660341317655704
TR_24-00968	TR	127	-0.026373670321124622	0.021680948256718832	-0.16979076870173312	0.4401281262133867	-0.12646044000755813	0.15390305462420611	0.02422021020296352	0.12468445271945769	0.025952302206452393	0.016699430293052146
