sampID	pop	.sample.id	PC1	PC2	PC3	PC4	PC5	PC6	PC7	PC8	PC9	PC10
CB_24-00901	CB	1	0.02116493030690915	0.0524021178862437	0.10990691849254142	-0.023393050872683837	0.03430642739669753	-0.013066541123670426	0.05110691949380131	-0.029286524201698264	0.011314012095974057	-0.0012059278683565677
CB_24-00902	CB	2	0.01560828290672489	-0.009567687493946597	0.0017642374281358064	-0.02945104547382424	0.02973075938008407	-0.012048078456466674	0.14121614070106786	0.1605670620207157	0.03490111865925039	-0.07312053813763368
CB_24-00903	CB	3	-0.05631987648823189	0.037380329342504154	0.027700036794252536	0.10138812413597455	0.23056008386129553	-0.07557381204823635	-0.0789574410210247	-0.034046050683972456	-0.02072371531285151	0.023648988548164534
CB_24-00904	CB	4	-0.004218032529624383	0.06626915760533697	0.11626956573368619	0.15547489133713316	0.5518483284974305	-0.21855115394603816	-0.06950811056224142	-0.06424316219158417	-0.08173885347716225	0.04556792413609921
CB_24-00905	CB	5	-0.11493773547298597	0.2412702405643577	0.20503106642674956	0.33269325715112874	0.025004471322261537	0.5228378911099066	-0.2702209401136376	0.35217622955946515	0.1567950439894554	-0.16945069379223082
CB_24-00906	CB	6	0.047621541423862865	0.0010337037711832253	0.021411858986896105	-0.056442053715894266	-0.003758106895778282	0.04172169578766266	-0.026709778810000626	0.03494651272493519	0.061282791417443465	0.10676082716023114
DR_24-00907	DR	22	0.015345832354246868	0.12305380938549754	-0.05831604978296476	-0.1297672066150281	0.0019411336731333245	-0.010291955767532765	0.005784124818345199	-0.015893451325995775	-0.03331271098947235	0.002935833862354464
DR_24-00908	DR	23	0.046347107251586105	0.024968326449263	0.07122582319938148	-0.013941377927464374	-0.013699353724963642	0.014396459894105887	0.013571884471724735	-0.03984760394735906	0.004566173447861092	0.09058098508932831
DR_24-00909	DR	24	0.04563718541445345	-0.018408574467280087	0.017875209101133716	-0.05364424041572296	-0.008153184367412468	0.011002420601102084	-0.021020478312812715	-0.005798925588004045	4.0392386546449915e-4	0.041510529507419215
DR_24-00910	DR	25	0.039953141971535384	0.05046617163573543	0.03867476012258356	0.02636342230246676	-0.038876513940000176	0.08148042702923389	0.03495134759381213	-0.11923692767293476	-0.14688275263771278	0.019215659024479186
DR_24-00911	DR	26	0.06689869434604433	0.028679886939596274	0.07390005910193306	0.005534717296651448	0.005410240754321588	0.08657856433922496	-0.03432083084397575	0.052836648665824465	0.022438751936657765	0.004684071139006905
DR_24-00912	DR	27	0.07431355407750519	-0.01797653209738033	0.023070514944001086	-0.05571918939624862	0.007931391697503343	-0.010418533433196556	0.013934966739514387	0.021659243855700033	0.015523727189230223	0.025693168738571033
DR_24-00913	DR	28	0.07749473341977584	0.0014540307254596232	0.04994717129527996	-0.04888465183914806	-0.024519217120881287	0.026764722289470785	-0.01627022648716478	-0.030485702230759602	0.028288625873285192	0.03746528345852128
DR_24-12060	DR	29	-0.047328862128161904	0.15206982875959082	0.06639696163309043	0.19610623556015683	-0.1161505714688425	0.2216278956926087	0.14718045738502844	-0.3064379237574121	-0.4159795317291438	0.03543702631466962
LP_24-00914	LP	30	0.04302469085122387	-0.06015183344143974	-0.17723566299669258	0.032689184519821335	0.06765818069126814	0.10407997793487792	-0.027640265203014394	0.021724276490740255	-0.023621874113074717	0.023799853378798457
LP_24-00915	LP	31	0.04157100214406211	0.011167450951863053	0.015322363734547227	-0.03993726772667061	4.360587347310152e-5	-0.007649702623071879	-0.01667518464227652	0.025830318530972812	0.043123234239764725	0.0642988762401147
LP_24-00916	LP	32	0.030783409203139173	0.05121021225224034	-0.011919001472899905	-0.05272629456142475	-0.006123917743744919	0.022295659168498336	-0.027783917940708003	-0.013353653053871345	0.023062945658213756	-0.018931005768217705
LP_24-00917	LP	33	0.03894334918872901	0.021202350815614876	0.044520165937934175	-0.019668870413415196	-0.04220690497107411	-0.03544889738747478	-0.01896201260528735	0.024114456384324037	0.07856886259678665	0.08838877273233209
LP_24-00918	LP	34	0.03330329996514091	0.01902508885430538	0.05139030603940585	-0.04653294638310662	-0.00871637971436845	-0.06125697803443448	0.07401416867941082	0.017488776590417948	0.07306648361956058	0.12206836046915329
LP_24-00919	LP	35	0.015820935345386943	-0.002120048821670968	0.07668370883549397	-0.0805507153804107	0.002463657791773377	0.04225446350936954	-0.03428236561880474	-0.030421344460170863	0.06843920918484331	0.08167822345917224
LP_24-00920	LP	36	-0.05479670471484063	0.01299358278689999	-0.01871793977378199	0.02644765928659981	-0.08772425099550274	-0.07661423474985553	0.03816359465931979	-0.030738850234316717	0.028652504976793197	0.1291535342206011
LP_24-00921	LP	37	-0.019480948136037877	0.004919882822620712	1.6522442018680056e-4	0.03827640270897906	-0.07905512904522993	-0.061967697224331174	0.013161994006208433	-0.014406140019944627	0.09809481084890714	0.08006589676875153
LP_24-00922	LP	38	-0.007762246864409986	0.023458760405468328	-0.10667334845605346	0.06814031075508369	0.019057908406324625	-0.009939745429670653	0.09496016961643167	-0.1755294103241281	0.20342560856345454	-0.0615080786137422
LP_24-00923	LP	39	0.021441555074923877	-7.588757610791529e-4	-0.003111974518717489	-0.03269290688462946	-0.0057347730684216836	-0.039140920236604315	0.050305126750687934	0.016321106681156855	0.056161575934328425	0.09824288445420162
LP_24-00924	LP	40	-0.12314111933928899	0.322181114400951	-0.1555896089747072	-0.19236970639466766	0.05209542710049622	-0.02535520838983349	0.014714930394112286	0.06253950396196462	-0.030431406862032995	-0.02075342551552008
LP_24-00925	LP	41	0.024802354899300612	0.022349551970708908	0.04064984747713294	-0.016855268965076137	-0.032142737707814575	0.010690081421466435	-0.011352363620257322	-0.04479923505401684	2.0159773998729147e-4	-0.030266569336669165
LP_24-00926	LP	42	-0.00897664443453134	0.0940620933489219	0.022674854112220744	0.1619250722033641	-0.10693430548124844	0.20240067547762453	0.15342823382266804	-0.2636011910246937	-0.4197266887593437	0.027629093604976444
LP_24-00927	LP	43	0.042577699653966516	-0.023223350751650676	-0.03739918634979994	-0.0940759881296517	-0.08083113417990836	-0.04288312020992413	0.09782208976092527	0.15860104624338373	-0.03801364574700789	-0.07316387471794192
LP_24-00928	LP	44	0.002726682799249928	0.028759621757022673	0.06175183925277378	-0.03197669469252178	-0.0536549343715554	-0.002137822605941808	0.010843889711206992	0.005190133384155353	0.019390040160864278	0.07942421988772769
LP_24-00929	LP	45	0.023178437278451473	0.07555795227743412	0.01485534458709593	-0.02261036605123749	0.0021978432310402335	0.06305692427270199	-0.056911637030334083	0.011890524322206303	0.05708736598696662	-0.02304847705000511
LP_24-00930	LP	46	-0.2759723180386394	0.640569791641598	-0.2898027608779773	-0.35903336933991076	0.06978718349116628	-0.041044742378293475	0.0049421611887013606	0.06704629478457722	-0.08005613015360744	-0.032132695607476086
LP_24-00969	LP	47	-0.06892004499589274	-0.0811542585214247	0.1689554520605873	-0.24920844432060457	0.11023863205601031	0.19543386830158332	-0.032484442441653744	-0.13822361073743578	0.07179804735050196	0.08396555945284659
LP_24-00970	LP	48	-0.20701912570128347	-0.24926955546150692	0.16455723452206442	-0.34302658543190634	0.14553269113466846	0.234635603480094	-0.0035634737571123096	-0.1144880120957506	0.005987653997869951	0.0014553745582876407
LP_24-00971	LP	49	-0.6104837202834078	-0.3106910415983497	0.10223764188359531	-0.15231772125046153	0.06678112854051185	0.07389003716788947	0.06836185918716987	0.06845529757585106	-0.1141848775443654	-0.05708753955277991
LP_24-00972	LP	50	-0.057700250418474895	0.08083645048425143	-0.011674465418060638	0.0889912572982838	0.009682963433226595	0.060753468994374726	0.2655170514567833	-0.2807326510132987	0.39560952100128466	-0.12351689588147176
LP_24-00973	LP	51	-0.027797150161661482	0.008619735707862562	0.01543535611569607	0.05396642010858285	0.02663558871109145	-0.0706066393440942	0.17177490832449727	0.0788263933240542	-0.04166552814692933	-0.08929886293034059
LP_24-00974	LP	52	0.026266262315689244	-0.03814934938511645	0.016945852963339062	-0.06548145183831854	-0.09112117673981193	-0.15780354721584566	-0.2588456457364099	-0.17929423192698657	-0.06027807816684088	-0.5046820943562332
LP_24-00975	LP	53	0.017049670865582522	0.003133924687546326	0.014062629445711948	-0.050212011220890515	-0.09214455354789522	-0.07043251224821472	-0.20363670581196094	-0.04116109307495116	-0.03189704485473416	0.08351109748918009
LP_24-00976	LP	54	-0.024124836932245937	0.027857093284466717	0.039865181802269244	0.016574247827215557	-0.005499030161348768	0.011795751355243661	-0.026625440669949794	-0.10030080739890646	0.02822395936306007	0.09036479078117557
LP_24-00977	LP	55	-0.010781560102970508	0.012272353136000898	0.026196264783733488	0.03768666410446328	-0.08050412902544421	-0.05861542056526291	0.0028312599192088523	0.018551391953314473	0.022095744681876035	0.12181450184692347
LP_24-00978	LP	56	-0.12858754586838136	-0.1394374037004352	0.06740309962911051	-0.17727612401726348	0.04872712643990376	0.09359292490990058	-0.023456394908778343	-0.07206083404324097	0.009812998472755683	-0.005536164966425542
LP_24-00979	LP	57	-0.01346144066301462	-0.006312392381574952	-0.002836112728137015	0.04687198660330883	-0.09028440108344991	-0.06189485733303185	-0.03630864015109227	-0.0015779510485518893	0.027307410278553768	0.014225582019040468
LP_24-00980	LP	58	0.0021555474265500902	0.013754004138649878	0.002278968236490096	0.019231244702159308	-0.021272075163728907	0.0147849438855411	0.02401823150436288	-0.048925208243108545	0.06458687354316082	0.00913870762108999
LP_24-00981	LP	59	-0.11712662927396016	-0.08916819719209393	0.03368640024706479	0.04016544790590019	-0.02219874560968765	-0.05489911414813167	0.09289649896335027	0.08058843365510195	-0.04242456134061185	0.0177282049873077
LP_24-00982	LP	60	-0.01267232876433963	-0.0075644238622359136	0.0016180719986038951	0.04117096942939741	-0.10587487359051062	-0.08611182445466531	-0.045697103549098395	0.009236698270508485	-0.0019819680401214415	-0.01562163277247893
LP_24-00983	LP	61	-0.030853938243533306	0.011534793714096745	0.030368465483618812	0.1145515012563783	-0.07850355085303089	-0.09928161543035235	-0.09144375997350193	-0.016172629404775676	-0.026507390537890384	0.08153976165305574
LP_24-00984	LP	62	-0.032975560147439284	2.1698390120545316e-4	0.042311049334075916	0.021128948488168826	-0.08630233875363999	-0.09775354948804707	-0.05362493605440556	0.0013076114778811793	0.023026692191255266	0.07291272255927951
LP_24-00985	LP	63	-0.3078269947232372	0.011328377470079695	-0.08614713603757738	0.24985006580977043	-0.19805716612491608	-0.20708258504128335	-0.0410244792122146	0.029460410365213272	0.1325717789219678	0.09076167314451061
LP_24-00986	LP	64	-0.4236900759647396	-0.07212577973628045	-0.06351199736159724	0.20530815020802518	-0.174173898821214	-0.19555909889944	-0.08419756229072152	0.07690621087145227	-0.05072513071846138	0.02529919628212358
LP_24-00987	LP	65	-0.04759379098055472	0.017179550691467756	0.03868754679215171	0.14641818728629205	-0.08851217339335714	-0.12816777672432977	-0.09550183593127329	-0.017870686221385868	-0.014839718567540891	0.1301907213961753
LP_24-00988	LP	66	0.03700378872028751	-0.0016756444245063606	0.04913037390824706	0.011788881890684718	-0.01610528956273999	-0.04016148471837169	0.00986959504813931	-0.032238454544669407	-0.009433116933219717	0.059908123773196015
LP_24-00989	LP	67	0.005554848823686027	-0.02711564235585162	-0.036257719450393536	-0.012974480693596828	-0.07735640702605728	0.008064041167102604	-0.007293139530826064	0.017502588250362043	-0.0181932779036628	-0.007919471452847252
LP_24-00990	LP	68	0.05642120556396497	0.03131720299910446	0.03055340691909171	0.005455062770806073	-0.01198299440387497	0.03045116606054144	0.020676385186821453	-0.06196517604767651	-0.058212929408264925	0.04192373542680846
LP_24-00991	LP	69	0.03960360607749924	-0.001807222107895113	0.03404253108456739	-0.04701715901127258	-0.0020663484836505965	-0.01771841779686611	0.017564115724651594	0.0051279567128104005	0.02449250553712959	0.06328042743941767
MB_24-12001	MB	70	0.035649697713282885	-0.0020421990008406754	0.015272569875942612	-0.010749865815029524	-0.02951576948004794	-0.016522917807728438	0.006012388137938045	0.01970657540930497	0.010951945529015813	0.01941860263754336
MB_24-12007	MB	71	0.043785757608744806	-0.004734240240054882	0.048210603451233604	-0.014733860240212967	-0.004165677385105614	0.008036540201102102	-0.011511944995514629	-0.015260323075015129	0.020928916220147656	0.005884317137306597
MB_24-12012	MB	72	0.017496345334811418	0.0172665045113881	0.07645699422141153	0.05454744561972417	4.500815888590303e-4	0.06037809652700671	0.04281880728287499	0.0730881461364206	0.0601076714294301	-0.10032633717077867
MB_24-12042	MB	73	0.021885550193902932	-0.0330484618380444	0.01618967126053641	0.03217649578547607	0.01062590132594025	0.03203700178696358	0.04449524968653555	0.05521409878355796	0.021340763121867674	-0.06409581654069113
MB_24-12043	MB	74	0.039679800224986746	-0.06191717347730217	-0.025114653716350365	-0.02495635479369867	0.017882746446938356	0.001805623133294021	0.05568165366091631	0.04137382955099973	0.001561702852219772	-0.04665582855388085
MB_24-12044	MB	75	0.026836412955987918	-0.041196164555750835	-0.005088014501478251	0.02845539320162132	-0.027866646529774074	1.331643069961766e-4	-9.141562524868849e-4	-0.01712025865949152	0.015207744524656064	-0.030192250347548452
MB_24-12045	MB	76	0.03936680186781164	-0.027943912173381623	0.0019289003021756628	-0.036557533359176775	0.019481908932364688	-4.6190027279357886e-4	0.07791426809180244	0.04429417908580848	7.981206802652125e-4	-0.021928566780691074
MB_24-12047	MB	77	0.002504878606669159	-0.05707608113466857	-0.0477830022189207	0.02012818435902428	0.00785085215771646	-0.007488910157267013	0.013391085158479182	0.023096844809440336	-0.0050854228107369386	-0.03214657286753006
MB_24-12051	MB	78	0.010610217550516486	-0.05705494863446096	-0.05131148287576068	0.0029582264628860606	0.014973998059945814	0.004882283585155391	0.011757098389617705	0.004267855301665166	0.006007856896292028	-0.027785174614760814
MB_24-12064	MB	79	-0.07397954222050387	0.08663114505442215	-0.06254141894399588	0.11901557507738367	0.049835864120165795	-0.005491645068697974	0.19489229460134183	-0.29792455362834724	0.35669283228938603	-0.12811332073602058
MB_24-12065	MB	80	0.005073287686041169	0.01860152169894334	0.005287069751992049	0.039565514709646574	0.013670939727674362	0.045968858381084964	0.10655389098478525	-0.12818443579982405	0.16667015331888058	-0.02088897179430256
MB_24-12066	MB	81	0.04567880866987699	-0.009661475033458492	0.035774137298429924	-0.009031980033250973	-0.04448983046774478	-0.05937328592276681	-0.015248867141599166	0.014957902717978758	0.013766256461624563	0.0542991753693779
MB_24-12067	MB	82	0.021441595217520055	0.06457798324822674	0.10163028495899595	-0.0416580863767579	0.015212953273765682	-0.020958910115474468	-0.031166381396459622	-0.03605444125675002	0.03406816037034826	0.052158402651409155
MB_24-12072	MB	83	0.06749508151119742	0.00533429070972123	0.08802747669295866	-0.02582017222732789	0.0010848319134881528	0.01755492902800155	0.007326663264413981	0.015502219242338744	0.02905549217257639	0.03359708829282202
MB_24-12073	MB	84	0.0655801784764901	0.019920566196220357	0.08420271579444182	-0.035770423078442325	-0.013203461808358605	0.013276331001827478	0.011011626985838303	-0.029972122872467366	0.057552480174743306	0.019597887453253377
MB_24-12077	MB	85	0.030377225542839163	-0.0332803172382906	0.013664993876372579	-0.008371512885392231	-0.020605024398005323	0.0067108540478701545	0.019985902932729723	0.0294546772277662	0.02471023565288137	0.004572123424062827
MB_24-12079	MB	86	-0.005197755464729442	-0.05662478663915013	0.014165216580755318	0.04256711111471563	-0.03838771632666878	-0.014365326874373259	-0.01574764677911642	-0.0027015876661063004	0.026664837177417664	-0.13453321959574974
MB_24-12080	MB	87	-0.020069607292886846	-0.0970837472596011	-0.06741420122156835	0.0519803502908588	-0.01872362337309243	-0.023646254222161253	-0.0011408841840615056	0.02501433304778004	0.0023713848272112164	-0.09424015895436855
MB_24-12083	MB	88	-0.0015242809350200176	-0.01867044244778235	7.655171920393057e-4	0.035467547094452524	-0.009777524990350556	0.01909521613570876	0.023101217497708902	0.048372618451648926	0.02371976826833355	-0.07841685228943332
MB_24-12091	MB	89	0.01776102931196077	-0.00972049192873558	0.02285932068518307	-0.007459920389969839	9.322556838747188e-4	0.004316686812819688	0.04497440356840325	0.02034888827765024	0.008946771501062782	0.017306971445411042
NR_24-00931	NR	90	0.018031641368428386	0.0054972645896893034	0.014478015806905302	0.003887779807853985	0.00787359774231763	-0.01691414101333502	0.03111210361515676	0.012132693890665621	-0.005107322096813119	-0.025478084679894188
NR_24-00932	NR	91	-0.03752364552443386	0.024214023586248027	0.03129031279453418	-0.00215389504562719	-0.04459656224001314	-0.042166679729962596	-0.06558295454609554	0.026200501149864407	0.0631940488263873	0.056336599160777115
NR_24-00933	NR	92	0.051022344803287926	-0.0057959638027648185	0.021077970795007922	-0.06901674633800352	-0.06892802993338029	-0.05705754722957112	0.13073189726570694	0.157630978427362	-0.05356161315764754	-0.07241297535663908
NR_24-00934	NR	93	0.046257867089627994	-0.02951993278571554	0.06864986453337227	0.046473183063574786	0.03284762772850942	-0.11878669290989505	0.34071738511399385	0.24623785994785374	-0.13087171296913971	-0.20183996894381143
NR_24-00935	NR	94	0.026434860765064475	-0.02210646932483077	0.04998920057113788	-2.600247695535451e-4	-0.0011667983462877445	-0.043725573265413716	0.0882750730017529	0.0700359131493054	-0.04012821355227109	0.030265481162956694
NR_24-00936	NR	95	0.058806881579112756	-0.004534443633140517	-0.006710630368685628	-0.02771508286822779	-0.09578413255312479	0.019259061752080617	0.0012096129854996009	0.02383080387396205	-0.03584662220793692	-0.008444272682110251
NR_24-00937	NR	96	0.07183881608850873	0.0017869657248207405	0.056808471533496566	-0.046441089558759564	0.031484593381617146	-0.005020841052854347	0.1485785516129502	0.15995078472928373	0.03414201072084189	-0.03967218758001755
NR_24-00938	NR	97	0.08308753146577191	0.01161194808922081	0.12413851363402365	0.01128914557371415	0.028825406240557256	-0.10700473181824682	0.31163909904487747	0.21528575876388736	-0.11243824291997828	-0.16121151782863274
NR_24-00939	NR	98	0.06099561019926903	-0.014111831304806843	0.007188867443161636	-0.015783225064347213	-0.01238764747845517	-0.014803091043483506	-0.03447887758433734	-0.023578479118404452	-0.02855508910667561	-0.08308826960515737
NR_24-00940	NR	99	-0.010833581789192042	-0.007212782485602148	0.01126442301712633	0.01350516252358935	-0.030247599750106057	-0.026743370720619056	-0.008252511749687646	0.008256837955187633	-9.711206203817224e-4	0.026094730733894057
NR_24-00941	NR	100	0.07636562741463321	-0.0023936709577398294	0.02206583846222072	-0.08812582295922511	-0.014113237264534185	-0.012283383095713609	-0.1500516383940721	0.04027123860065366	-5.650354232872501e-4	0.1224794689931402
NR_24-00942	NR	101	0.05271725020103611	-0.051256879616937916	-0.059249179262006846	-0.008290473400549147	0.003410714105143778	-0.0055029439930328085	-0.049206132258105245	0.00753036652249166	0.0019319184733137835	-0.0029351944350166467
NR_24-00947	NR	102	0.04697334079783004	-0.032175553321198556	-0.007113579784912551	-0.04182809652407873	-0.06763346982841095	-0.06343183354682312	-0.15928305187857605	-0.03299431594502379	-0.02980380531047981	-0.0783973596963158
NR_24-00948	NR	103	0.02341408743165373	-0.0013929473855351425	0.032118268050745684	0.04886820181204432	-0.02466047231579166	-0.03865468493667858	-0.05917168780331346	-0.017774509435512176	-0.019487566510568065	0.06914706068029691
NR_24-00949	NR	104	-0.022420722272473034	0.02093902762221325	0.05803644279338183	0.1899371756733152	0.5474714732699609	-0.20994872239002307	-0.10080764338228079	-0.04122984768861869	-0.10088186005815211	0.02306909470068523
NR_24-00950	NR	105	0.05720614683243425	0.004699377954381673	0.01904173269511848	-0.030160207731099363	0.014164340068125465	-0.012311136886655784	-0.004628369740689045	0.04758365650327252	-0.01650062211715477	0.030052782272624354
NR_24-00951	NR	106	0.050122392227060254	-0.028419999206956512	-0.061202163009790575	0.025191157535907713	0.03940623473924776	0.03382964477740032	-0.04224760246640254	0.05055032017888789	-0.050060671347669214	-0.04014403479508795
NR_24-00952	NR	107	0.039670202052261086	-0.024668125248078165	-0.09497292614885779	0.04302305805022027	0.06057237816995901	0.06608265803641779	-0.07600495636281077	0.058382999000141926	-0.07993077994709341	-0.010802283939455258
NR_24-00953	NR	108	0.031027887515173904	-0.050559428053091826	-0.10965563248209048	0.046180062633666585	0.05395019839491473	0.06946110545711606	-0.05631500178636118	0.026572512197537333	-0.07346878165932193	0.001042396341464039
NR_24-00954	NR	109	0.025878939904558033	-0.013756409343243192	-0.048519919622131244	0.06465709497598102	-0.03227941497668929	0.09844050181821476	0.06769013317942832	-0.11905048645437503	-0.18541169010105502	0.022518562676867224
NR_24-00955	NR	110	0.03516803911039312	-0.0032254632202401348	0.006686883909433811	0.014970445910376455	0.015195280982138513	0.019911451901757526	0.01627266412622366	-0.08008578780999706	0.03545733204995225	0.03281109855746039
NR_24-00956	NR	111	0.02392840611068811	-0.02035120494581947	0.013230154555394792	0.013059432610937883	-1.4766391523568425e-4	-0.02268248781329903	0.009445304322206048	-0.022220567278327497	-0.01044040926052062	0.04789559252159097
NR_24-00957	NR	112	0.002283340015921871	0.0790394663275109	0.0601148017734888	0.13795162235254177	0.01879738247254866	0.22520342375273805	-0.13307782732647505	0.15273926513183306	0.06552508124610171	-0.06700772038332851
TR_24-00943	TR	113	0.045508365448459945	-0.03561190170027304	-0.03289986252814243	-0.011526218097434707	0.025233888701892745	-0.01812188255746148	-0.040360220608421565	0.012711050565613256	7.801669846358365e-4	-0.015804286313160325
TR_24-00944	TR	114	0.04030708939513999	-0.017861649073809327	-0.02917044568909417	-0.02331056691386567	-0.041262234026309755	-0.01894617420476298	-0.0032779265495781907	-0.03356087973143609	-0.02320913801230619	0.08009715309493821
TR_24-00945	TR	115	0.0592536287752154	-0.0026256577747496273	0.030824837332870638	-0.049518644925767935	-0.022956916990001137	-0.005072613449078148	-0.012846172403655235	0.00250748833794134	0.021965625296488465	0.06552925208677923
TR_24-00946	TR	116	0.0684252662517482	-0.010698310926220776	0.06078821268726646	-0.1037285530351816	-0.085150780302977	-0.15235372949905923	-0.272034275017434	-0.18696141791345275	-0.0645435669378406	-0.48911520876011355
TR_24-00958	TR	117	0.06258526962381873	-0.012415323239924584	-0.025588463401144956	-0.09513672486529122	-0.04119150486361227	-0.03790771153660532	-0.18370151841929444	0.04175843754387723	-0.031185576742401185	0.14040415321249278
TR_24-00959	TR	118	0.030206871553102886	-0.01894046493988812	-0.03010901057210193	0.033983097294781675	0.007708229329986285	-0.006973478048080756	-0.06920425125703154	0.020493464952417825	-0.06248616547129431	0.025507021880586518
TR_24-00960	TR	119	0.057790365472203196	-0.011882144016231529	-0.007096497799382743	-0.03985018206237681	-0.00673879695961917	-4.161435675278241e-4	-0.025084420002192357	0.005328546639630605	-0.011864895261690163	0.044823139005528534
TR_24-00961	TR	120	0.047812410468250466	0.004368356726950352	0.025558923433870482	-0.0332509244859099	0.05614713664357804	-0.03730184299226726	-0.017197636855081314	-0.007339896263737367	-0.008572106633447278	0.03464435342837435
TR_24-00962	TR	121	0.05299383614551773	-0.0111505128667596	-0.03179687325787328	-0.07194238878572608	-0.06965865094689705	4.5011303265711164e-4	0.023924611046342928	0.07465802271091286	-0.03173893638685164	-0.02501346182968764
TR_24-00963	TR	122	0.038546293599058416	-0.025181663151713437	-0.029899363214140925	-0.0097465223046444	-0.04739305239440378	-0.01660375485324262	-0.02311318166118609	0.020255306808614735	-0.010722091452195985	0.08114804742458098
TR_24-00964	TR	123	0.022795081914623216	-0.05005455801599307	-0.10235433929219429	0.00953600965472771	-0.006328304011682242	0.009416263714034848	-0.04466575870812877	0.026725048758704552	-0.03328923530515413	0.010585274401900121
TR_24-00965	TR	124	0.041615513188055966	-0.04432457176230416	-0.05896587009802584	-0.020146469890922593	0.0025700410040108692	0.026967599949314067	-0.023313451925078173	0.0351194903591205	0.01706781676465348	0.05719952548526564
TR_24-00966	TR	125	0.029127230039632756	-0.11571736132613464	-0.3314795649643898	0.03160384758145133	0.06669579415132831	0.0912563588317687	-0.01005719019149049	0.012979159122251912	-0.006196053455015463	0.004320779033851764
TR_24-00967	TR	126	0.05338249362099235	-0.16693364030437355	-0.42458476707706616	0.04015414007519569	0.0977666284285211	0.1444202488663542	-0.0038458873248288575	0.005612437549952672	0.011587929390785935	-7.69366759945881e-4
TR_24-00968	TR	127	0.030681670260396296	-0.18743285070771143	-0.4574957463820261	0.05549798399647893	0.09984305872900279	0.13503824935974218	-0.0052659508831384184	0.020223114097856862	6.78662233127637e-4	-0.0203731157378563
